8340927
8316606
8338515
8324430
69558
8349859
8345976
8331253
8340934
47595
8384092
18490
31825
20353
8384546
6606
19516
24793
23921
456
8308994
8295051
8282471
8279129
83432
8296986
8304933
8293086
8281342
90567
29294
6148
51958
5528
8368583
84520
83050
133541
97970
8325818
137880
155909
137250
149722
8256726
112462
123351
118972
115652
8270801
104639
131447
146723
123862
8285235
99856
122577
148428
129399
8274168
108488
130500
182623
128833
8262858
121443
128223
179481
149865
8270782
139318
165428
217745
165781
8232096
74170
97379
150513
98051
8301318
127966
152568
196480
162453
8244910
107047
147319
190825
149757
8253627
98533
118118
169958
133301
8272542
88865
126325
161734
121925
8280661
79049
110851
133983
113770
8300273
71489
92639
121492
108003
8302300
80918
89837
124502
94458
8300653
47360
64787
88125
81102
8320726
75600
109498
119710
116693
8296070
65965
101213
119174
101618
8301615
70781
90152
113576
84689
8305523
71556
83315
102894
76194
8312890
146384
156590
186347
153540
8234325
79592
90481
125862
106343
8301377
79080
91066
108882
87335
8303738
79348
92975
114423
98478
8299570
59741
71922
92372
67171
8312660
100123
96560
141345
117691
8290288
105798
137159
150532
129902
8267529
130298
162290
183845
154636
8232679
8360442
8362644
8380432
8357195
42507
8367351
8355054
8386162
8353189
50367
9300
15513
8387112
10528
2266
45868
54499
94212
59945
8341867
98863
115122
159195
113558
8278360
143114
152309
228452
173448
8231250
96698
127443
172564
130245
8271715
65399
89321
119692
94066
8297957
14119
29700
43262
21494
8370649
16291
10070
1884
27663
8374361
74859
103482
133670
95217
8302161
47075
54492
93545
56519
8342473
26617
36811
36813
38650
8352798
35872
52373
65986
58963
8351816
23581
34061
11994
35899
24320
8249425
8271463
8187076
8271522
89540
16476
