0.03899286314845085
0.005963546223938465
0.02102305367588997
0.040920697152614594
0.021152598783373833
0.02265770174562931
0.012464899569749832
0.009196477942168713
0.00464222626760602
0.005638894625008106
0.002452911576256156
0.001671858481131494
0.003539744298905134
0.0012050424702465534
0.0017111098859459162
0.0010178921511396766
0.0
0.0010207535233348608
0.0013898881152272224
0.0014033752959221601
0.0008909186581149697
0.0018636961467564106
0.0009172973223030567
0.001008861232548952
0.0011788142146542668
0.0029032055754214525
0.0024172274861484766
0.0034450185485184193
0.004904445260763168
0.007164223585277796
0.011397013440728188
0.01980643719434738
0.012638552114367485
0.00515386275947094
0.0041560702957212925
0.010214938782155514
0.22559912502765656
0.16337206959724426
0.04858022183179855
0.15293274819850922
0.0010017588501796126
0.0
0.0017765546217560768
0.007755536586046219
0.0
0.06230153515934944
0.0033227289095520973
0.045231565833091736
0.0
0.0
