0.13659322261810303
0.04909582436084747
0.022853797301650047
0.0
0.08249630033969879
0.10734127461910248
0.053111325949430466
0.02062910608947277
0.014359958469867706
0.008693661540746689
0.0031072995625436306
0.0023656580597162247
0.002717968774959445
0.0012883980525657535
0.0
0.0
0.0
0.0
0.0
0.0
0.0
0.0
0.0
0.0
0.000936624186579138
0.0
0.0012560068862512708
0.0011824285611510277
0.0
0.0
0.0
0.0
0.0012351935729384422
0.0031467971857637167
0.0016077221371233463
0.0022926011588424444
0.1705435812473297
0.2458265721797943
0.04148590564727783
0.00829718541353941
0.004055003169924021
0.0022307836916297674
0.0018011381616815925
0.0
0.009448632597923279
0.0
0.0
0.0
0.0
0.0
