0.04925549402832985
0.0
0.0
0.0
0.041445452719926834
0.03855256736278534
0.02557474561035633
0.017728298902511597
0.00905577465891838
0.0063354214653372765
0.003920161165297031
0.001802694983780384
0.003376949345692992
0.001839449629187584
0.0034585893154144287
0.002936261473223567
0.009029517881572247
0.010439421981573105
0.003055974142625928
0.0012590340338647366
0.0010048284893855453
0.0
0.0
0.0
0.0
0.0
0.0021973669063299894
0.0
0.0
0.0
0.0
0.0
0.0016598199727013707
0.002363648498430848
0.0
0.0
0.24857541918754578
0.2681075930595398
0.0672915056347847
0.13575224578380585
0.0027318454813212156
0.0
0.0
0.0
0.0
0.0
0.0
0.018603704869747162
0.0
0.02264624834060669
