0.02721734344959259
0.032956160604953766
0.02861003950238228
0.01427339669317007
0.008608506061136723
0.015453052707016468
0.01595999300479889
0.015622085891664028
0.009664752520620823
0.009675282984972
0.005376340821385384
0.0030736858025193214
0.0027462791185826063
0.001964634284377098
0.0019118140917271376
0.0034539601765573025
0.005270715337246656
0.002059697872027755
0.006992395967245102
0.0071297152899205685
0.005999559070914984
0.003094833344221115
0.003570148954167962
0.0032427094411104918
0.004320117644965649
0.0032955158967524767
0.0038236745167523623
0.0036123860627412796
0.0005598121206276119
0.0008133179508149624
0.00499613955616951
0.004700327757745981
0.005577049683779478
0.003897588700056076
0.0031054080463945866
0.0024505166802555323
0.1113775372505188
0.15205110609531403
0.08374166488647461
0.11545952409505844
0.02916576899588108
0.04947635158896446
0.02185608260333538
0.01806546188890934
0.010334243066608906
0.02532234415411949
0.029500853270292282
0.04625190049409866
0.01192151103168726
0.020396804437041283
