0.029674632474780083
0.009274804964661598
0.0071953278966248035
0.0
0.057762254029512405
0.06341290473937988
0.032648246735334396
0.03118324838578701
0.012724409811198711
0.008559677749872208
0.005294875707477331
0.005797060672193766
0.00299275666475296
0.0
0.0
0.0
0.0027835089713335037
0.0018207430839538574
0.0010673586511984468
0.0010882747592404485
0.0
0.0012138449819758534
0.0
0.0
0.0
0.0
0.0
0.0
0.0
0.0
0.0010045613162219524
0.0
0.0
0.0
0.0
0.004143815487623215
0.3718326985836029
0.28358036279678345
0.02901533991098404
0.0
0.0035414970479905605
0.0026767291128635406
0.0
0.0
0.029711008071899414
0.0
0.0
0.0
0.0
0.0
