0.07967023551464081
0.053940143436193466
0.009562385268509388
0.0
0.031087543815374374
0.05739540979266167
0.030544813722372055
0.028529608622193336
0.0254074614495039
0.01787140592932701
0.0154811330139637
0.03604836389422417
0.01760767214000225
0.007055401802062988
0.0034459675662219524
0.002684315200895071
0.002782968105748296
0.0028430267702788115
0.0030222816858440638
0.0032835747115314007
0.0009371785563416779
0.0
0.0
0.0
0.0015558773884549737
0.0
0.0019911827985197306
0.0018080907175317407
0.0022935441229492426
0.0
0.0
0.0
0.0
0.0
0.0008822176023386419
0.0
0.16647589206695557
0.3038834035396576
0.0374065600335598
0.026291366666555405
0.0021831190679222345
0.0
0.0
0.001529694302007556
0.0
0.0
0.0
0.024498149752616882
0.0
0.0
