0.07605651766061783
0.014685234054923058
0.0
0.0
0.08265123516321182
0.0674145445227623
0.02591632679104805
0.012198571115732193
0.00784850213676691
0.004787377081811428
0.0031072392594069242
0.0
0.0
0.0
0.0024627367965877056
0.0
0.0
0.0014040053356438875
0.0023476709611713886
0.0
0.0
0.0
0.0
0.0
0.0
0.0013809738447889686
0.0017722499324008822
0.0
0.0
0.0
0.0
0.0
0.0011047791922464967
0.0014270063256844878
0.0
0.001381016569212079
0.3392452001571655
0.32350802421569824
0.022553972899913788
0.004368889611214399
0.0
0.0
0.0
0.0023778192698955536
0.0
0.0
0.0
0.0
0.0
0.0
