0.1000337228178978
0.09163124114274979
0.0
0.0
0.08204047381877899
0.13172045350074768
0.05526050552725792
0.020726870745420456
0.013888088054955006
0.008806168101727962
0.005322944838553667
0.004841103684157133
0.0017992571229115129
0.0011881300015375018
0.0011890582973137498
0.0
0.001335662673227489
0.0024282976519316435
0.0
0.0
0.0
0.0012981073232367635
0.0
0.0
0.0
0.0
0.0
0.0
0.00092522386694327
0.0
0.0028728938195854425
0.0
0.0
0.0
0.0
0.0
0.15585121512413025
0.1954955905675888
0.10582506656646729
0.01359829306602478
0.0
0.0
0.0019216343061998487
0.0
0.0
0.0
0.0
0.0
0.0
0.0
