0.05119938775897026
0.024131420999765396
0.008450469002127647
0.0
0.10075011104345322
0.07792827486991882
0.046220891177654266
0.020954305306077003
0.010862624272704124
0.0066640037111938
0.0022213193587958813
0.002145488979294896
0.0009974740678444505
0.0
0.0
0.0
0.001129235839471221
0.0
0.0014116312377154827
0.0
0.0
0.0
0.0015245906542986631
0.0
0.0
0.0
0.0
0.0
0.0
0.0
0.0
0.0
0.001166864880360663
0.0
0.0
0.0
0.24109719693660736
0.339228093624115
0.045644644647836685
0.012743356637656689
0.0018104600021615624
0.0
0.0017181856092065573
0.0
0.0
0.0
0.0
0.0
0.0
0.0
