0.052114155143499374
0.01238979957997799
0.008096379227936268
0.006051879841834307
0.10494695603847504
0.07253780215978622
0.024873601272702217
0.009904547594487667
0.005758930463343859
0.003267486346885562
0.002266795840114355
0.0011436335043981671
0.0019809105433523655
0.002654817420989275
0.0043702381663024426
0.0011232106480747461
0.0
0.0
0.0
0.0
0.0023484944831579924
0.0
0.0
0.0
0.0
0.0
0.0
0.0016337120905518532
0.0
0.0
0.0
0.0
0.0
0.0
0.0
0.0
0.29928356409072876
0.30163446068763733
0.017905572429299355
0.003577013034373522
0.0012369825271889567
0.004844846669584513
0.006824041251093149
0.008143476210534573
0.012957778759300709
0.02612898126244545
0.0
0.0
0.0
0.0
