0.07461432367563248
0.02184033952653408
0.0
0.0
0.06066988781094551
0.0692342221736908
0.02855575643479824
0.017423346638679504
0.010268664918839931
0.008444156497716904
0.003772934665903449
0.003135673701763153
0.001905769924633205
0.0025678901001811028
0.0
0.0014033952029421926
0.0
0.0
0.0
0.0
0.0
0.0
0.0
0.0
0.0
0.0
0.0
0.0
0.0
0.0009205995011143386
0.0
0.0
0.0
0.0013054581359028816
0.0
0.0
0.3288338780403137
0.2863897979259491
0.06761887669563293
0.007499905303120613
0.002331468742340803
0.0
0.0
0.001263715443201363
0.0
0.0
0.0
0.0
0.0
0.0
