0.038572028279304504
0.037647735327482224
0.03201567754149437
0.016783064231276512
0.029126787558197975
0.024626055732369423
0.015125976875424385
0.007164097391068935
0.00932919979095459
0.013459589332342148
0.01475567277520895
0.009229452349245548
0.005654406733810902
0.006922085769474506
0.01475566066801548
0.006338090635836124
0.004757125861942768
0.0028201111126691103
0.0029340663459151983
0.0023358401376754045
0.004657472483813763
0.0035892289597541094
0.0064805783331394196
0.00696483813226223
0.004685934633016586
0.004714420530945063
0.004272878170013428
0.0021364514250308275
0.0007406321819871664
0.0016664575086906552
0.000740666757337749
0.0017946206498891115
0.0011251680552959442
0.0024070546496659517
0.0008688534144312143
0.0010967053240165114
0.14057591557502747
0.31043580174446106
0.1026298925280571
0.052694037556648254
0.0038842835929244757
0.014817311428487301
0.004649152513593435
0.01675187610089779
0.0
0.0
0.0
0.011267120949923992
0.0
0.0
