0.017194116488099098
0.004800924565643072
0.033904626965522766
0.04338376224040985
0.022468555718660355
0.030940519645810127
0.01846390590071678
0.0182348620146513
0.01487814448773861
0.012697374448180199
0.020271986722946167
0.016341503709554672
0.011031667701900005
0.00802996102720499
0.006212284788489342
0.00771193765103817
0.005159786436706781
0.00252780644223094
0.0018665706738829613
0.005378790199756622
0.011156389489769936
0.008691924624145031
0.01354206446558237
0.009494664147496223
0.0057739149779081345
0.006899796426296234
0.0022566209081560373
0.0
0.0004828540259040892
0.0
0.0
0.0
0.0
0.0005983429145999253
0.00045611761743202806
0.0009175021550618112
0.13071250915527344
0.11012044548988342
0.13976770639419556
0.16315527260303497
0.002597761107608676
0.004221920855343342
0.0033340314403176308
0.0
0.004228435456752777
0.006612340919673443
0.008170786313712597
0.06401338428258896
0.0012962169712409377
0.0
