0.02711588516831398
0.06232144311070442
0.04254121705889702
0.012161856517195702
0.015122739598155022
0.022902335971593857
0.020478060469031334
0.013646011240780354
0.012894002720713615
0.011774687096476555
0.011181787587702274
0.009270234033465385
0.011886603198945522
0.0179224144667387
0.010594628751277924
0.011275439523160458
0.01097413245588541
0.015758907422423363
0.011846419423818588
0.00854256097227335
0.009408695623278618
0.008056226186454296
0.0044972216710448265
0.0034476129803806543
0.003915012814104557
0.0034108059480786324
0.004693284630775452
0.004726824350655079
0.0021651440765708685
0.0
0.0008843882824294269
0.002125093713402748
0.0010582657996565104
0.0008091511554084718
0.0
0.0
0.05748215690255165
0.22820322215557098
0.16386747360229492
0.10216859728097916
0.0029855873435735703
0.012985018081963062
0.016598505899310112
0.0063003352843225
0.0
0.0
0.0
0.0
0.0
0.0
