0.08166908472776413
0.08121494203805923
0.04831032454967499
0.007324195466935635
0.024898504838347435
0.035903286188840866
0.023638388141989708
0.0207541361451149
0.015939442440867424
0.01480866502970457
0.01298520527780056
0.017729954794049263
0.025295179337263107
0.024014262482523918
0.009348087012767792
0.005440988577902317
0.002860348904505372
0.005007641855627298
0.007314791437238455
0.006026139948517084
0.007855447009205818
0.0038745778147131205
0.005945153534412384
0.010553687810897827
0.003645018208771944
0.0014730524271726608
0.0
0.0
0.0
0.0009860609425231814
0.001338456990197301
0.0
0.001233789254911244
0.0
0.0
0.0
0.07412450760602951
0.15310494601726532
0.10491208732128143
0.08645572513341904
0.006608711089938879
0.01318401750177145
0.009935962967574596
0.009015696123242378
0.0
0.035269346088171005
0.0
0.0
0.0
0.0
