0.053637512028217316
0.0
0.0
0.0
0.06590063124895096
0.04624302312731743
0.01768750511109829
0.010564853437244892
0.005867024417966604
0.0022732068318873644
0.004178302828222513
0.0011474040802568197
0.0013639337848871946
0.0
0.0
0.0
0.0
0.0
0.001970079494640231
0.0
0.001580403302796185
0.0009742705733515322
0.002121686702594161
0.0
0.0
0.0
0.0
0.0
0.0017752348212525249
0.0031608196441084146
0.0
0.0
0.0
0.0
0.0
0.0
0.305499792098999
0.4135749638080597
0.027110904455184937
0.013111134059727192
0.0
0.0
0.002272837096825242
0.0
0.0
0.01798437535762787
0.0
0.0
0.0
0.0
