0.0793643519282341
0.0174742229282856
0.008980742655694485
0.009010142646729946
0.03709612414240837
0.04657402262091637
0.02049856260418892
0.00981910154223442
0.007579427678138018
0.005977528169751167
0.002996131544932723
0.0030999956652522087
0.002566049573943019
0.001705787843093276
0.0
0.0
0.0
0.0008009558077901602
0.0
0.000815812440123409
0.0
0.0
0.0
0.0
0.0
0.0
0.0
0.0
0.0
0.0008306088857352734
0.0
0.0
0.0009641624637879431
0.0
0.0
0.0009937785798683763
0.3094806671142578
0.37179049849510193
0.02705436199903488
0.00317681347951293
0.005599552765488625
0.006871520541608334
0.0
0.0
0.0
0.0
0.0
0.018878966569900513
0.0
0.0
