0.16659560799598694
0.033045969903469086
0.0
0.0
0.060564976185560226
0.08184472471475601
0.0329723060131073
0.018414901569485664
0.014444093219935894
0.009672163985669613
0.00275056273676455
0.0031521283090114594
0.0
0.0
0.0
0.0008887716103345156
0.0
0.0010921016801148653
0.001038493006490171
0.0
0.0
0.0
0.0
0.0011229861993342638
0.0
0.0
0.0
0.0
0.0020064208656549454
0.0
0.0
0.0
0.0
0.0
0.0
0.0
0.22699350118637085
0.26459428668022156
0.052527498453855515
0.008025205694139004
0.0013711287174373865
0.0012082947650924325
0.0027518311981111765
0.0
0.0
0.012922088615596294
0.0
0.0
0.0
0.0
