0.08295771479606628
0.0733945369720459
0.028832750394940376
0.02406425029039383
0.021101875230669975
0.03788209706544876
0.03462628275156021
0.021360032260417938
0.014406945556402206
0.010906532406806946
0.0065657817758619785
0.005558626260608435
0.007411619648337364
0.005649790167808533
0.0033714936580508947
0.0013122080126777291
0.002037863712757826
0.00361187313683331
0.0015411212807521224
0.0009481749148108065
0.0007259941194206476
0.0
0.0008986486936919391
0.0
0.0028192743193358183
0.003090351354330778
0.0018190067494288087
0.0015476319240406156
0.0015357004012912512
0.001254327013157308
0.0013524055248126388
0.0016709646442905068
0.0011419524671509862
0.0011167675256729126
0.0015675812028348446
0.0012086228234693408
0.09137437492609024
0.1566295027732849
0.08042270690202713
0.05347954481840134
0.004859939217567444
0.012922600843012333
0.002567050512880087
0.009788695722818375
0.01665506139397621
0.11059512943029404
0.007588314823806286
0.04382619634270668
0.0
0.0
