70684
8387940
8309702
9406
8303544
52073
8383921
8328078
8387553
8323578
8344015
8388031
15005
7934
8358737
8332772
1279
36662
8385205
8374694
116003
8379917
8263049
9739
8284925
115808
8379875
8252200
15056
8245280
8369094
764
8379387
8345486
8377627
8298030
7059
70148
8349411
91679
8181553
8386855
204573
8352429
185645
8203013
1598
167063
8382758
154780
8176627
8378462
200449
8336075
184731
8189702
677
166564
8342684
150182
8175707
8385080
140698
8312042
128818
8159571
6479
180708
8241640
138071
8169326
4827
166328
8286218
138816
8181907
3630
153225
8263887
101327
8186476
8380796
121941
8276269
97528
8149120
8380885
141921
8273677
108809
8145353
6944
145651
8268601
109187
8222244
7298
132073
8296900
83853
8221494
8382210
100264
8325911
59799
8227350
8380357
108780
8357847
60076
8212703
8380656
141003
8338873
71482
8255306
8079
110120
8379464
60525
8248861
3113
103558
8382294
62613
8220868
8387803
133080
8360829
78779
8252097
8384471
103307
8007
67000
8250968
3207
111246
8382869
78816
8260035
8378010
127585
4251
87386
8237520
5746
134033
8383922
112594
8275989
8377566
94263
7813
57402
8278304
8379316
77532
25522
31617
8246631
6537
104035
4229
88331
8273166
8380986
97757
8383097
67000
8289700
8387621
98579
8371148
26418
8216043
1531
163526
8303713
115767
20989
8381551
8351761
1808
8359909
35749
2462
8353680
398
8377767
8367084
4815
8387790
15358
3770
8277975
7770
87950
5233
35639
8149811
8376653
203252
8248594
195513
8194286
3242
158588
8251489
134214
8211880
5033
133771
8309533
116913
8248802
8384310
103419
8319370
48852
8341316
8387980
49546
56852
22759
8383099
8379473
8366945
8228258
8388270
8291365
4298
85263
8344488
78989
8256778
8383632
76324
42666
38459
8327198
8382019
75530
14125
57597
8336082
5770
48315
1079
28004
8384397
8386199
40668
5452
28179
156598
20221
8261598
169906
8228033
11790
