0.08405137807130814
0.02473296970129013
0.0
0.007724188733845949
0.09110701084136963
0.1025005578994751
0.039718616753816605
0.01855328679084778
0.01572362147271633
0.007797210942953825
0.0038967509754002094
0.0032800568733364344
0.0032369797118008137
0.0012454451061785221
0.0012194521259516478
0.0015790598699823022
0.0027609597891569138
0.001296814065426588
0.0
0.0
0.0
0.0
0.0
0.0
0.0
0.0
0.0
0.0
0.0
0.0
0.0
0.0
0.0
0.0
0.0
0.0
0.20976930856704712
0.26000621914863586
0.09380478411912918
0.01347473356872797
0.0
0.0
0.0
0.0
0.0
0.01252056285738945
0.0
0.0
0.0
0.0
