0.012399987317621708
0.016297895461320877
0.025860607624053955
0.02586112916469574
0.037158139050006866
0.026181954890489578
0.013335395604372025
0.007317202165722847
0.015744537115097046
0.0067505002953112125
0.004233467858284712
0.0
0.0
0.0038071114104241133
0.0015794930513948202
0.0030910796485841274
0.0
0.0014787429245188832
0.0032842883374542
0.0023251043166965246
0.002000244800001383
0.0015127103542909026
0.0024557942524552345
0.0
0.0016449379036203027
0.0
0.0
0.0
0.0
0.0016099956119433045
0.004081433173269033
0.0015766920987516642
0.0
0.0
0.001673738588578999
0.001576571143232286
0.39908820390701294
0.20402248203754425
0.12335660308599472
0.0456264428794384
0.0030675067100673914
0.0
0.0
0.0
0.0
0.0
0.0
0.0
0.0
0.0
