0.013762333430349827
0.056274235248565674
0.013302980922162533
0.014024688862264156
0.010345859453082085
0.021409621462225914
0.010725859552621841
0.008635660633444786
0.013724160380661488
0.012013895437121391
0.0052151973359286785
0.006650925613939762
0.00973364245146513
0.0060808733105659485
0.002174747409299016
0.001689150813035667
0.0023436464834958315
0.004074972588568926
0.0030615897849202156
0.0
0.0
0.0
0.0
0.0
0.0034205547999590635
0.0046028634533286095
0.0
0.0
0.004370583221316338
0.0
0.0024281032383441925
0.006186417303979397
0.007073232904076576
0.003230476286262274
0.0
0.0
0.058271460235118866
0.11566787958145142
0.12209873646497726
0.07668912410736084
0.10055018216371536
0.16076789796352386
0.01715870574116707
0.05177893489599228
0.0
0.04191488027572632
0.0
0.008545959368348122
0.0
0.0
