0.0705190896987915
0.01098698005080223
0.008631223812699318
0.0
0.06225143373012543
0.08355391770601273
0.04049522429704666
0.021552052348852158
0.01651560328900814
0.007713365834206343
0.004401285666972399
0.0
0.0
0.0013384772464632988
0.0
0.0
0.0
0.0
0.0
0.0
0.0
0.0012023963499814272
0.0
0.0
0.0
0.0
0.0
0.0
0.001361182308755815
0.0
0.0
0.001451872638426721
0.0027677372563630342
0.001157004851847887
0.0
0.0
0.2930915951728821
0.3120582401752472
0.015227694064378738
0.011148865334689617
0.003969449549913406
0.0
0.006907282397150993
0.002197775524109602
0.013472427614033222
0.0
0.0
0.006027770694345236
0.0
0.0
