0.056429121643304825
0.060580313205718994
0.0
0.0
0.05347219109535217
0.10247398167848587
0.035763632506132126
0.01669090799987316
0.006740480661392212
0.006665645632892847
0.001841715071350336
0.0013186485739424825
0.0017895841738209128
0.0
0.0014496188377961516
0.0
0.0
0.0017837377963587642
0.0
0.0
0.0020985109731554985
0.0
0.0
0.0
0.0016007815720513463
0.0
0.0
0.0
0.0
0.0
0.0
0.0
0.0
0.0
0.0
0.0
0.30405595898628235
0.3156069815158844
0.02146195061504841
0.0
0.003556967945769429
0.0
0.0
0.004619337618350983
0.0
0.0
0.0
0.0
0.0
0.0
