0.03195447847247124
0.01339004561305046
0.026566410437226295
0.03435460105538368
0.02538657747209072
0.02890668623149395
0.014647919684648514
0.0057126726023852825
0.002927287481725216
0.001187075744383037
0.0028040199540555477
0.0022267079912126064
0.0
0.0014466680586338043
0.0009358081733807921
0.0010504394304007292
0.003677928354591131
0.0026578246615827084
0.003493380732834339
0.002422143006697297
0.0009532860713079572
0.0
0.0
0.0008970620110630989
0.0
0.001274017384275794
0.0009326168219558895
0.0
0.0
0.0012411423958837986
0.0013068439438939095
0.0
0.0
0.0
0.0
0.0
0.1242675930261612
0.2138981968164444
0.07804524153470993
0.0846949890255928
0.01677539385855198
0.045147523283958435
0.03806545212864876
0.022639546543359756
0.016001982614398003
0.07394350320100784
0.006426858715713024
0.06774011999368668
0.0
0.0
