0.06569091975688934
0.027342136949300766
0.024065645411610603
0.01023248303681612
0.061510298401117325
0.0714825838804245
0.027778824791312218
0.01707589626312256
0.00807728711515665
0.006757367867976427
0.009074434638023376
0.002839479362592101
0.0012071182718500495
0.0
0.0
0.002125750295817852
0.0
0.0
0.0
0.0
0.0
0.003150582080706954
0.0
0.0
0.0
0.0
0.0
0.0
0.0
0.0
0.0
0.0
0.0010924319503828883
0.0
0.0
0.0
0.39223623275756836
0.22646556794643402
0.03889170289039612
0.0
0.0029031841550022364
0.0
0.0
0.0
0.0
0.0
0.0
0.0
0.0
0.0
