0.06666804850101471
0.03534986078739166
0.05144102871417999
0.03744008019566536
0.03211874142289162
0.03457033634185791
0.022022511810064316
0.01933259703218937
0.014022794552147388
0.005556242540478706
0.0031275928486138582
0.00709341187030077
0.0012310119345784187
0.002461143769323826
0.0011000074446201324
0.002831106074154377
0.0018403644207865
0.0026337376330047846
0.004302678629755974
0.007404637522995472
0.011606104671955109
0.014611841179430485
0.008324390277266502
0.014196655713021755
0.005520296283066273
0.007755762431770563
0.013280030339956284
0.005737824831157923
0.0023939653765410185
0.0
0.0
0.0
0.001774244592525065
0.0013629402965307236
0.0019047840032726526
0.003321740310639143
0.09073033928871155
0.2342238873243332
0.1214834526181221
0.08012077212333679
0.003597103990614414
0.0
0.0
0.009497315622866154
0.0
0.0
0.0
0.006298615597188473
0.009709934704005718
0.0
