0.07802755385637283
0.04230881482362747
0.013806984759867191
0.0
0.08780796825885773
0.07662784308195114
0.02956654131412506
0.015043355524539948
0.007948865182697773
0.011589045636355877
0.007243043277412653
0.004457280971109867
0.004160106647759676
0.001782926730811596
0.0
0.0
0.0
0.0
0.0
0.0
0.0
0.0
0.0015972264809533954
0.0
0.0
0.002451491542160511
0.0
0.0
0.0
0.0016343481838703156
0.0030829363968223333
0.001857209950685501
0.0
0.0022658109664916992
0.0024143478367477655
0.0
0.23216868937015533
0.32472527027130127
0.03158063441514969
0.012439737096428871
0.003411967074498534
0.0
0.0
0.0
0.0
0.0
0.0
0.0
0.0
0.0
