0.013034365139901638
0.012495031580328941
0.02616356499493122
0.017600378021597862
0.043641019612550735
0.03178982064127922
0.01443294808268547
0.022893661633133888
0.009269416332244873
0.007558644283562899
0.01113581471145153
0.001741887303069234
0.002239585854113102
0.0
0.0
0.0
0.0
0.0
0.0
0.001617485424503684
0.001990730408579111
0.0
0.0
0.0
0.00149306352250278
0.0
0.0
0.0
0.003950418904423714
0.0
0.0
0.0
0.0
0.001990734366700053
0.0029861186631023884
0.006407722365111113
0.2436637580394745
0.33016860485076904
0.08161564916372299
0.05723390728235245
0.0
0.0
0.0
0.0
0.0
0.05288571119308472
0.0
0.0
0.0
0.0
