0.0655505359172821
0.0870809331536293
0.0
0.0
0.07887230813503265
0.05980478972196579
0.03135652467608452
0.02479652687907219
0.011632976122200489
0.008484267629683018
0.0045044939033687115
0.0036735970061272383
0.004788793157786131
0.001224528648890555
0.0029957755468785763
0.002930112648755312
0.0
0.0
0.0
0.001180795719847083
0.0
0.0
0.0
0.0
0.0
0.0
0.0016618686495348811
0.0
0.0
0.0
0.0
0.0
0.0
0.0
0.0
0.0
0.2827719449996948
0.28622889518737793
0.03179923817515373
0.005589773878455162
0.003071372164413333
0.0
0.0
0.0
0.0
0.0
0.0
0.0
0.0
0.0
