0.06742445379495621
0.14361068606376648
0.07921571284532547
0.0
0.027547640725970268
0.046964380890131
0.022457826882600784
0.02075016126036644
0.010293813422322273
0.010310046374797821
0.006586104165762663
0.003577641909942031
0.005350172985345125
0.004358242265880108
0.0
0.002650700742378831
0.0017888208385556936
0.002813247963786125
0.002406758489087224
0.001642450108192861
0.0
0.0
0.0
0.009805976413190365
0.0380692221224308
0.0
0.0
0.0
0.0
0.0
0.0
0.00476476363837719
0.01185497548431158
0.0
0.0
0.0
0.056247565895318985
0.1856023669242859
0.08515195548534393
0.08046674728393555
0.0
0.009248031303286552
0.007468279451131821
0.0
0.0
0.051571182906627655
0.0
0.0
0.0
0.0
