0.018898731097579002
0.0
0.036028891801834106
0.0
0.07138968259096146
0.13104473054409027
0.035587720572948456
0.01658468134701252
0.007526441942900419
0.002776782726868987
0.0036862860433757305
0.0
0.0011763331713154912
0.0
0.0
0.0
0.0
0.0
0.0
0.0
0.0
0.0
0.0
0.0
0.0
0.0
0.0
0.001721763052046299
0.0
0.0
0.0
0.0
0.0
0.0
0.0016934536397457123
0.0
0.38575655221939087
0.1953384429216385
0.06758364289999008
0.010069385170936584
0.0
0.0
0.002954133553430438
0.003486327361315489
0.0
0.0
0.0
0.006696066819131374
0.0
0.0
