0.05458330363035202
0.07271794229745865
0.013931157067418098
0.0
0.09734145551919937
0.10199113935232162
0.03855622187256813
0.020349932834506035
0.012499908916652203
0.007065178360790014
0.004015636630356312
0.001630408689379692
0.003925113007426262
0.0021738784853368998
0.0014794643502682447
0.0
0.0017813724698498845
0.0013888668036088347
0.0
0.0
0.0
0.0017512388294562697
0.0
0.0
0.001630408689379692
0.0022644565906375647
0.0031400464940816164
0.0
0.0
0.0
0.0
0.0
0.0012983197811990976
0.0
0.0
0.0
0.2826104164123535
0.2642681896686554
0.005523844622075558
0.0
0.0020820857025682926
0.0
0.0
0.0
0.0
0.0
0.0
0.0
0.0
0.0
