0.054516807198524475
0.011385484598577023
0.0
0.010444007813930511
0.024982919916510582
0.029843073338270187
0.01259754691272974
0.01122219581156969
0.009429480880498886
0.0035115182399749756
0.0026390848215669394
0.007282444275915623
0.0
0.0
0.0030831079930067062
0.0018717222847044468
0.0
0.0
0.0
0.003564083483070135
0.0
0.0
0.001872768858447671
0.0
0.0017667794600129128
0.0
0.0
0.0
0.0018187722889706492
0.003531249240040779
0.0
0.0
0.0
0.0
0.0
0.0
0.0918065756559372
0.09403488039970398
0.10168823599815369
0.02028541825711727
0.19263605773448944
0.08739021420478821
0.007186130154877901
0.004167646169662476
0.08898559212684631
0.031583938747644424
0.02645391784608364
0.05841830000281334
0.0
0.0
