0.026141634210944176
0.0356699638068676
0.0696689561009407
0.007201815489679575
0.024023601785302162
0.03813495486974716
0.017446864396333694
0.014134903438389301
0.012340704910457134
0.010039503686130047
0.012825610116124153
0.01392609253525734
0.019255496561527252
0.016935866326093674
0.020496735349297523
0.018581058830022812
0.014534097164869308
0.007010501343756914
0.005588967353105545
0.004916944541037083
0.0038410655688494444
0.003811904229223728
0.009443544782698154
0.006469303276389837
0.0025121388025581837
0.0
0.0021123129408806562
0.0
0.0
0.0
0.0
0.0010994470212608576
0.0
0.0009007970802485943
0.0
0.0
0.05659501254558563
0.1345285177230835
0.08499714732170105
0.07332415133714676
0.0
0.0027918596751987934
0.002708578482270241
0.002682273043319583
0.0
0.0573674775660038
0.0
0.15934637188911438
0.0
0.0065937223844230175
