0.0701480507850647
0.08261054754257202
0.0
0.0
0.0668829083442688
0.07570206373929977
0.03196174278855324
0.01657278463244438
0.009381349198520184
0.006392320152372122
0.0
0.0
0.0012725356500595808
0.0
0.0
0.002278798958286643
0.0
0.0
0.0
0.0
0.0
0.001450131880119443
0.0
0.0
0.0027522449381649494
0.0
0.0
0.002515552332624793
0.0018644348019734025
0.0
0.0
0.0
0.0
0.0
0.0
0.0
0.19458581507205963
0.31905409693717957
0.07675180584192276
0.028797002509236336
0.0057020834647119045
0.0
0.0
0.0033236751332879066
0.0
0.0
0.0
0.0
0.0
0.0
