0.027406636625528336
0.038600657135248184
0.03199324011802673
0.016328584402799606
0.037027180194854736
0.03645706921815872
0.01080316212028265
0.004845727700740099
0.0052163610234856606
0.0038481131196022034
0.011914808303117752
0.027820250019431114
0.014793798327445984
0.00724013103172183
0.0
0.007553614675998688
0.008950368501245975
0.002308828290551901
0.0014537221286445856
0.0
0.0
0.003335009329020977
0.008066746406257153
0.00373409828171134
0.0036485574673861265
0.001881287433207035
0.0016247620806097984
0.0
0.0
0.0016532952431589365
0.0036199961323291063
0.0017387656262144446
0.0014252177206799388
0.0
0.0014822264201939106
0.0037910202518105507
0.19982397556304932
0.1713806390762329
0.18819871544837952
0.09259936213493347
0.0
0.0
0.0
0.008548577316105366
0.0
0.0
0.0
0.008885451592504978
0.0
0.0
