141033
8242882
1881
8384450
155179
74380
8329179
6467
3120
64466
8385461
23680
7256
9022
8359297
6486
8385077
8088
1751
3069
111475
8276906
8385261
4459
126540
103079
8286702
5523
8386588
115458
8343414
58201
8381192
4014
8360918
8216582
168214
8377768
8311
8226381
8249377
152329
8385670
1675
8220074
8223028
151123
8384369
6547
8204365
8243565
139086
8381899
2081
8221113
8240898
162440
8378524
7564
8206862
8209035
156628
8385285
8380602
8207399
8238274
137977
4751
8383662
8215121
8250595
132072
8378655
6935
8218289
8258029
139758
8613
8387928
8236733
8254462
133395
8380708
8388387
8238714
8287336
92946
8382881
8385918
8256444
8263396
119929
8377398
5099
8260121
8272445
107283
7528
8383879
8252909
8258400
113051
8383144
8377482
8244584
8316430
71672
4290
8385426
8305618
8310476
65153
515
8377910
8291554
8321409
69446
4363
8377042
8296949
8305779
77232
8381887
8727
8289959
8307478
90724
8384033
8385552
8271486
8296349
105532
8385762
8383237
8263194
8295062
92808
1187
8376684
8273970
8317500
74145
1454
8377473
8300184
8321534
66040
3615
1517
8302494
8306348
83590
7543
8381835
8298270
8296820
86489
8376154
7401
8280545
8317573
73668
8619
9608
8310256
8317448
66402
8376227
7654
8298375
8309202
83654
7111
8377355
8289530
8286089
103192
3648
8382697
8276304
43769
8348589
8379826
8387081
46564
50688
8362126
8383573
8376604
49511
8380322
30754
7727
8381278
8368717
8293721
94343
6266
8387518
8257097
8236401
142390
5366
7522
8224174
8219625
180404
4962
8383695
8180834
8230530
158593
4891
1402
8209956
8243649
139294
847
8383633
8237097
8245096
132034
6076
8379182
8228433
8286245
83692
8387597
7306
8282508
8299212
72109
8381247
8385565
8280668
8329568
47119
8378455
8378003
8313357
4974
3983
8385920
7146
8383335
8334722
46061
4156
9428
8337707
8376633
57307
8386648
8386856
8381058
139697
8243981
18271
13222
127339
8346780
