0.04932523891329765
0.012900632806122303
0.0
0.0
0.10083016753196716
0.16881820559501648
0.045778438448905945
0.023655753582715988
0.01005125418305397
0.005716775543987751
0.002832672791555524
0.0
0.0017352451104670763
0.0
0.0
0.0017871122108772397
0.0
0.0
0.0
0.0
0.0
0.0
0.0
0.004179527051746845
0.0
0.0
0.0
0.0
0.0
0.0033053478691726923
0.0017013740725815296
0.0029394791927188635
0.0
0.0
0.0018950271187350154
0.0
0.17658358812332153
0.3535100817680359
0.02675795927643776
0.0040945326909422874
0.0
0.0
0.0
0.0016016988083720207
0.0
0.0
0.0
0.0
0.0
0.0
