0.03963429480791092
0.0
0.0
0.0
0.15151964128017426
0.11812983453273773
0.040392834693193436
0.016490358859300613
0.007889354601502419
0.0037691916804760695
0.0015975878341123462
0.003288735868409276
0.0
0.0
0.0
0.0
0.0
0.0
0.0
0.0
0.0
0.0
0.0
0.0
0.0
0.0
0.0016850664978846908
0.0
0.0
0.0
0.0
0.0
0.0047408416867256165
0.0
0.0
0.0
0.2541126012802124
0.32596829533576965
0.016172615811228752
0.00845898687839508
0.002419196767732501
0.0017486715223640203
0.001981897745281458
0.0
0.0
0.0
0.0
0.0
0.0
0.0
