0.007760357111692429
0.0
0.007303172256797552
0.0
0.14539332687854767
0.07710181921720505
0.020939823240041733
0.009287362918257713
0.005968545563519001
0.0015531776007264853
0.0
0.0
0.0
0.0
0.0
0.0
0.0
0.0
0.0
0.0
0.0
0.0039380332455039024
0.0017041495302692056
0.0
0.0025906984228640795
0.0
0.0
0.0
0.0
0.0
0.0
0.003883587894961238
0.0
0.0016291238134726882
0.0018055515829473734
0.0
0.31139352917671204
0.37108033895492554
0.021383056417107582
0.0
0.0019059485057368875
0.0017275073332712054
0.001650810008868575
0.0
0.0
0.0
0.0
0.0
0.0
0.0
