0.01154532004147768
0.009027045220136642
0.02130861207842827
0.006063071079552174
0.0603453554213047
0.10503273457288742
0.04300147294998169
0.02102578990161419
0.024068355560302734
0.029009928926825523
0.022304944694042206
0.008022762835025787
0.003778850194066763
0.003817539429292083
0.006220636423677206
0.017363332211971283
0.009030468761920929
0.007228262256830931
0.007925882004201412
0.010929597541689873
0.011685367673635483
0.006666251923888922
0.0027518044225871563
0.006201149895787239
0.01184037048369646
0.033796485513448715
0.015735452994704247
0.005968672223389149
0.0012014673557132483
0.0016472041606903076
0.0
0.0
0.0
0.0
0.0
0.0
0.08004007488489151
0.12007948011159897
0.06562826037406921
0.18109747767448425
0.0
0.0
0.0
0.0012541571632027626
0.0
0.014405522495508194
0.0
0.012950846925377846
0.0
0.0
