0.028463244438171387
0.0
0.0
0.0
0.13029606640338898
0.11179373413324356
0.033676039427518845
0.012265014462172985
0.008846234530210495
0.00341863208450377
0.0074368687346577644
0.004378136247396469
0.0018592539709061384
0.0
0.0017392790177837014
0.0
0.0
0.0
0.0
0.0024289931170642376
0.0
0.0
0.0
0.0
0.005667650606483221
0.0026089688763022423
0.0
0.0
0.0
0.0
0.003088743658736348
0.0
0.0
0.0
0.0
0.0
0.2721812129020691
0.35194405913352966
0.008529980666935444
0.007422580383718014
0.0
0.0
0.0
0.0019552353769540787
0.0
0.0
0.0
0.0
0.0
0.0
