0.023241011425852776
0.04153842106461525
0.0
0.0
0.09274416416883469
0.13749542832374573
0.048862650990486145
0.02358800545334816
0.013132470659911633
0.004210964776575565
0.005771596450358629
0.007912513799965382
0.005594927817583084
0.0023242898751050234
0.0
0.0027900829445570707
0.0018257618648931384
0.0015934776747599244
0.0
0.0020922806579619646
0.0
0.0
0.0
0.0
0.0
0.0
0.0017102969577535987
0.0
0.0
0.0
0.0
0.0
0.003462058026343584
0.004037567414343357
0.00288197654299438
0.0
0.16985265910625458
0.2680729031562805
0.06164097413420677
0.05511012300848961
0.0
0.001988511998206377
0.003480898914858699
0.0
0.0
0.013044037856161594
0.0
0.0
0.0
0.0
