0.00928467232733965
0.0070341587997972965
0.017280584201216698
0.0
0.023913230746984482
0.01750854216516018
0.023563219234347343
0.03722485154867172
0.017092831432819366
0.00570500735193491
0.009748851880431175
0.006207495462149382
0.011256890371441841
0.032459672540426254
0.01932261884212494
0.009136737324297428
0.0035847160033881664
0.006622982211410999
0.0
0.0014425889821723104
0.004196773283183575
0.0055082859471440315
0.0037814348470419645
0.004568268544971943
0.003213125979527831
0.003409872530028224
0.001398873166181147
0.0012239859206601977
0.0017704589990898967
0.004983675200492144
0.004830673802644014
0.0031037621665745974
0.0012895610416308045
0.0
0.0015955879352986813
0.002273205667734146
0.05788480490446091
0.1503729522228241
0.15769557654857635
0.0778631642460823
0.0019450983963906765
0.001573560992255807
0.011801731772720814
0.01009703241288662
0.0
0.09786967188119888
0.0
0.12735921144485474
0.0
0.0
