0.015485318377614021
0.025294043123722076
0.0063651311211287975
0.034011002629995346
0.03416799381375313
0.03840648755431175
0.012076024897396564
0.011176187545061111
0.039590321481227875
0.02185518480837345
0.027111805975437164
0.012289031408727169
0.005303939338773489
0.005493421573191881
0.009258276782929897
0.0063221389427781105
0.004498886410146952
0.006298487540334463
0.002107407432049513
0.01245496142655611
0.00987398624420166
0.002746697049587965
0.002154750982299447
0.0024625705555081367
0.001397041603922844
0.004640999715775251
0.004640941508114338
0.005043590907007456
0.007056199014186859
0.013449286110699177
0.0031492155976593494
0.0019416307331994176
0.0029834811575710773
0.00755334785208106
0.005256609991192818
0.005185492802411318
0.1496431976556778
0.30541369318962097
0.08350199460983276
0.050918273627758026
0.0
0.0
0.0
0.001421077293343842
0.0
0.0
0.0
0.0
0.0
0.0
