0.012948299758136272
0.02035452425479889
0.019649257883429527
0.00787650141865015
0.013620869256556034
0.059236541390419006
0.012831463478505611
0.006785244680941105
0.01283150166273117
0.0069363838993012905
0.00507216015830636
0.0028047915548086166
0.006130233407020569
0.008800657466053963
0.002670424757525325
0.0022001550532877445
0.0011756611056625843
0.003443002002313733
0.011135200969874859
0.0072387028485536575
0.00552560156211257
0.005206504836678505
0.0056935641914606094
0.0038796982262283564
0.0023849126882851124
0.0015283594839274883
0.00110848608892411
0.0
0.0011420820374041796
0.0
0.0
0.0
0.0
0.0015115755377337337
0.0
0.0
0.06758026033639908
0.1318688839673996
0.12409315258264542
0.13603395223617554
0.0037945823278278112
0.002014822093769908
0.0042647067457437515
0.0
0.0400402657687664
0.2000235766172409
0.003937915433198214
0.03462555259466171
0.0
0.0
