0.02843584306538105
0.0
0.0066546909511089325
0.008531572297215462
0.15516512095928192
0.11960390210151672
0.042969927191734314
0.01666501723229885
0.005230624694377184
0.005418478045612574
0.0028655370697379112
0.001865872647613287
0.0022093590814620256
0.003989970311522484
0.00805105734616518
0.004395764786750078
0.0
0.0
0.0
0.0031156574841588736
0.008542361669242382
0.020257534459233284
0.011103986762464046
0.0
0.004355659242719412
0.003333979519084096
0.0018344075651839375
0.0025843987241387367
0.005543621722608805
0.0
0.0
0.001959382090717554
0.003052744548767805
0.0
0.0
0.0
0.33632442355155945
0.17855317890644073
0.004417009651660919
0.0
0.0
0.0
0.0
0.00296889734454453
0.0
0.0
0.0
0.0
0.0
0.0
