0.006125250365585089
0.0555247962474823
0.016592921689152718
0.0052171191200613976
0.02213425561785698
0.04995846748352051
0.02039625495672226
0.018047455698251724
0.016508938744664192
0.028949443250894547
0.0217197947204113
0.015814371407032013
0.016724208369851112
0.008122054859995842
0.005177577491849661
0.005160884466022253
0.0023819704074412584
0.0034407672937959433
0.005905461497604847
0.006815280765295029
0.01303547341376543
0.010570534504950047
0.004515867680311203
0.00585559057071805
0.005094852764159441
0.00153833394870162
0.0018526343628764153
0.0038044904358685017
0.012952669523656368
0.00832069106400013
0.0018526108469814062
0.002232966013252735
0.0
0.0
0.0
0.0
0.08965447545051575
0.1313832402229309
0.10515827685594559
0.08146119862794876
0.0010718918638303876
0.0
0.0
0.002981177531182766
0.054904352873563766
0.10287317633628845
0.0
0.028168216347694397
0.0
0.0
