0.033666592091321945
0.0
0.0
0.0
0.10049033164978027
0.0889405757188797
0.030342847108840942
0.016443846747279167
0.007830334827303886
0.005155060440301895
0.0020228757057338953
0.0
0.0
0.003817326156422496
0.0
0.0
0.0
0.0019249763572588563
0.0
0.0039804596453905106
0.0
0.0
0.0
0.0
0.0
0.0
0.0
0.0
0.0
0.0
0.0
0.0
0.0
0.0017944882856681943
0.002610118594020605
0.0019249955657869577
0.443623423576355
0.2386282980442047
0.008057613857090473
0.005513115786015987
0.0032327291555702686
0.0
0.0
0.0
0.0
0.0
0.0
0.0
0.0
0.0
