0.011378074064850807
0.0
0.00913771241903305
0.027258219197392464
0.02875535376369953
0.03415116295218468
0.01656486839056015
0.009237262420356274
0.0075052473694086075
0.0
0.005773295182734728
0.005373574793338776
0.01785288192331791
0.015809934586286545
0.01936272159218788
0.01370046753436327
0.01632058247923851
0.012812335044145584
0.013367393985390663
0.010125410743057728
0.01194621529430151
0.009681344963610172
0.018230175599455833
0.0064393943175673485
0.005107194650918245
0.0030198690947145224
0.002886639442294836
0.007016673684120178
0.008571097627282143
0.013811426237225533
0.007993833161890507
0.004085705615580082
0.005795547738671303
0.0
0.0
0.0
0.08136756718158722
0.1353021264076233
0.1479208767414093
0.19025678932666779
0.0
0.0
0.0
0.0
0.0
0.023983849212527275
0.0
0.0420970693230629
0.0
0.0
