0.01480922196060419
0.012938487343490124
0.0
0.0
0.020192457363009453
0.025129185989499092
0.02339838445186615
0.01603015698492527
0.011125897988677025
0.018429098650813103
0.005963240284472704
0.00996083952486515
0.02638222649693489
0.01817971281707287
0.021696999669075012
0.012145817279815674
0.012198330834507942
0.010080867446959019
0.014842505566775799
0.005821874365210533
0.0018003755249083042
0.0
0.0024345924612134695
0.0
0.0
0.0
0.0
0.0
0.0
0.0
0.0
0.0
0.0
0.0
0.0
0.0
0.18268854916095734
0.3741271197795868
0.1308102160692215
0.00995734054595232
0.001725692767649889
0.0015141527401283383
0.0
0.0026004246901720762
0.0
0.013016198761761189
0.0
0.0
0.0
0.0
