0.0
0.0
0.0101596275344491
0.0
0.010919109918177128
0.031413380056619644
0.011742436327040195
0.00801191758364439
0.006211728323251009
0.0073717692866921425
0.009339582175016403
0.00578277325257659
0.005185388494282961
0.00709169777110219
0.007475513964891434
0.008390994742512703
0.004964461550116539
0.00391677301377058
0.007089268881827593
0.003784858388826251
0.004914552439004183
0.008505077101290226
0.008882073685526848
0.00965754222124815
0.012037910521030426
0.00699219387024641
0.002640546765178442
0.002657230943441391
0.0030008640605956316
0.0029911708552390337
0.003930727951228619
0.0
0.000989039079286158
0.004431119654327631
0.006718961987644434
0.002321085426956415
0.08543850481510162
0.1581280380487442
0.07665735483169556
0.14032535254955292
0.006028737407177687
0.0074977451004087925
0.0010647609597072005
0.0021783250849694014
0.03352295979857445
0.12739890813827515
0.0
0.13223786652088165
0.0
0.0
