0.017931101843714714
0.05526240915060043
0.01356386300176382
0.007526366505771875
0.03613832965493202
0.11581926792860031
0.032064955681562424
0.01759769394993782
0.01683514378964901
0.012019405141472816
0.0078056626953184605
0.014708100818097591
0.016373632475733757
0.01667466014623642
0.010093098506331444
0.0042739929631352425
0.0054979464039206505
0.0017456746427342296
0.001685518305748701
0.0024480149149894714
0.007002873811870813
0.011457485146820545
0.006400983780622482
0.006481219548732042
0.010233503766357899
0.007725252769887447
0.00533750094473362
0.005598310846835375
0.003511447925120592
0.002147068502381444
0.001645387033931911
0.0
0.0020667798817157745
0.004916016478091478
0.0049562007188797
0.006601633038371801
0.10754719376564026
0.15515165030956268
0.11477380990982056
0.0602249950170517
0.0023960107937455177
0.0
0.0
0.001956735970452428
0.0
0.05485798418521881
0.0
0.01094500906765461
0.0
0.0
