-6.000000      0 0.000000
-5.826080    126 0.003845
-5.652161    170 0.005188
-5.478241    214 0.006531
-5.304321    258 0.007874
-5.130432    302 0.009216
-4.956512    347 0.010590
-4.782593    391 0.011932
-4.608673    435 0.013275
-4.434753    479 0.014618
-4.260864    523 0.015961
-4.086945    567 0.017303
-3.913025    675 0.020599
-3.739105    843 0.025726
-3.565216   1011 0.030853
-3.391296   1178 0.035950
-3.217377   1346 0.041077
-3.043457   1514 0.046204
-2.869537   1798 0.054871
-2.695648   2122 0.064758
-2.521729   2446 0.074646
-2.347809   2919 0.089081
-2.173889   3413 0.104156
-2.000000   3907 0.119232
-1.826080   4679 0.142792
-1.652161   5452 0.166382
-1.478241   6225 0.189972
-1.304321   6998 0.213562
-1.130432   8240 0.251465
-0.956512   9493 0.289703
-0.782593  10746 0.327942
-0.608673  11999 0.366180
-0.434753  13252 0.404419
-0.260864  14504 0.442627
-0.086945  15757 0.480865
0.086945  17010 0.519104
0.260864  18263 0.557343
0.434753  19515 0.595551
0.608673  20768 0.633789
0.782593  22021 0.672028
0.956512  23274 0.710266
1.130432  24527 0.748505
1.304321  25769 0.786407
1.478241  26542 0.809998
1.652161  27315 0.833588
1.826080  28088 0.857178
2.000000  28861 0.880768
2.173889  29354 0.895813
2.347809  29848 0.910889
2.521729  30321 0.925323
2.695648  30645 0.935211
2.869537  30969 0.945099
3.043457  31253 0.953766
3.217377  31421 0.958893
3.391296  31589 0.964020
3.565216  31756 0.969116
3.739105  31924 0.974243
3.913025  32092 0.979370
4.086945  32200 0.982666
4.260864  32244 0.984009
4.434753  32288 0.985352
4.608673  32332 0.986694
4.782593  32376 0.988037
4.956512  32420 0.989380
5.130432  32465 0.990753
5.304321  32509 0.992096
5.478241  32553 0.993439
5.652161  32597 0.994781
5.826080  32641 0.996124
6.000000  32685 0.997467
