8291899
8290409
106853
94257
95303
8348519
8343896
41799
56298
49202
12982
14612
8386820
3109
8382540
33815
33170
8358909
8346251
8355484
8304103
8300172
86576
61692
79300
8316006
8312343
61642
60172
72446
70161
77253
8333517
8327664
8334756
117288
112744
8280690
8291652
8279857
91525
84629
8294384
8305482
8294121
78382
88821
8301983
8300755
8295816
111103
110050
8262923
8262597
8269073
149535
152352
8229987
8241687
8246706
122018
133975
8236291
8249510
8254370
97910
104168
8277207
8280588
8280924
64597
88688
8275423
8285524
8292758
104657
113468
8261310
8286751
8283616
96148
100493
8289319
8288534
8293862
103302
111409
8286232
8278970
8286282
75659
84530
8287231
8294157
8308280
66324
73391
8320355
8321513
8330155
66731
64563
8311677
8320286
8309188
78205
73168
8299342
8304045
8304532
85102
105071
8291307
8287976
8283322
62253
58935
8324634
8321056
8325228
93533
114550
8278068
8292494
8300642
84344
90183
8294731
8296931
8298892
87433
81909
8296791
8314694
8298596
34774
27267
8354592
8371069
8369312
67787
79157
8311759
8310332
8317346
31342
40271
8336082
8342271
8351379
32380
25878
8363466
8366969
8355133
37048
52097
8341252
8337431
8353770
64356
83986
8312213
8309745
8304741
61503
58566
8319638
8319943
8337642
72673
69252
8315437
8329241
8318812
72800
81804
8322292
8313751
8319923
8361749
8355188
30815
31223
19979
8369439
8370740
42414
37235
24935
5146
15208
8361584
8367125
8365593
66327
79966
8297611
8316333
8295102
106337
110139
8274181
8281277
8293222
143705
165549
8225335
8231361
8242014
138149
143113
8241226
8249875
8249258
110658
135470
8262586
8265761
8272690
114001
138107
8253382
8255221
8264051
87208
92076
8293776
8290711
8296586
33533
37108
8337426
8319717
8325283
48839
53841
8325172
8349183
8345449
43522
44833
8352156
8356455
8340902
48581
50260
8329176
8337760
8352563
31970
34838
8380812
8382250
8385746
8237698
8251698
125341
133637
141401
8362822
