0.011600546538829803
0.02861194685101509
0.00973726250231266
0.019129954278469086
0.0465688556432724
0.053948573768138885
0.03117172233760357
0.015371112152934074
0.009670400992035866
0.0036443013232201338
0.00171801564283669
0.004685519728809595
0.013666108250617981
0.012976286932826042
0.023258430883288383
0.02882898598909378
0.01499366294592619
0.00939707551151514
0.014655280858278275
0.015254000201821327
0.018000205978751183
0.009371031075716019
0.005427369847893715
0.0052061304450035095
0.0023948184680193663
0.0020043475087732077
0.0009631305001676083
0.001275506685487926
0.0006247330456972122
0.005219142884016037
0.004542348440736532
0.0036052509676665068
0.007223509717732668
0.004984860308468342
0.0059089879505336285
0.002381805796176195
0.1217268630862236
0.18591183423995972
0.13610267639160156
0.04098651930689812
0.003309103427454829
0.0031783103477209806
0.002223506337031722
0.0
0.0
0.04480167105793953
0.0
0.013738276436924934
0.0
0.0
