0.03446751832962036
0.0
0.004917713813483715
0.0
0.12465444952249527
0.09173507988452911
0.033810805529356
0.015459569171071053
0.010154157876968384
0.006436093244701624
0.004761801101267338
0.0
0.0
0.0
0.0
0.0
0.0
0.0
0.0
0.0
0.0012176398886367679
0.0
0.0
0.0
0.0
0.0
0.0
0.0
0.0
0.0
0.0
0.0
0.0011741392081603408
0.0
0.0
0.0
0.31452667713165283
0.29770588874816895
0.04580589011311531
0.006397648248821497
0.0028229583986103535
0.0015417688991874456
0.0024103722535073757
0.0
0.0
0.0
0.0
0.0
0.0
0.0
