0.01879393495619297
0.02442152611911297
0.014909660443663597
0.024795658886432648
0.018829256296157837
0.02648269012570381
0.019922060891985893
0.014913422986865044
0.011903825215995312
0.016687894240021706
0.025463657453656197
0.020011240616440773
0.012165960855782032
0.011012179777026176
0.012293555773794651
0.004949844442307949
0.0023413957096636295
0.003510087728500366
0.004357685800641775
0.010710868053138256
0.0067169321700930595
0.003178978804498911
0.006175346672534943
0.00951737817376852
0.008719590492546558
0.004658939316868782
0.00664605014026165
0.006196079310029745
0.0055845314636826515
0.004942450672388077
0.0029935885686427355
0.0014319757465273142
0.0
0.0013439975446090102
0.0
0.0010787550127133727
0.08408473432064056
0.1675313115119934
0.08756960183382034
0.0798969492316246
0.00185422005597502
0.004107455722987652
0.004242475610226393
0.0011949333129450679
0.04588223248720169
0.12406386435031891
0.0
0.031911324709653854
0.0
0.0
