0.010297435335814953
0.06489983201026917
0.009770146571099758
0.026868758723139763
0.02742777019739151
0.04626982659101486
0.027401890605688095
0.022888468578457832
0.03522719442844391
0.03387412428855896
0.021377645432949066
0.02014642022550106
0.006836622022092342
0.005275000352412462
0.007027542684227228
0.0035083184484392405
0.005913577042520046
0.004053910728543997
0.003125114133581519
0.0017252657562494278
0.0
0.0
0.0017428594874218106
0.003584437770769
0.003502865554764867
0.00230021751485765
0.0045480565167963505
0.004286589100956917
0.0013069957494735718
0.002230760408565402
0.0017546105664223433
0.0010513679590076208
0.003915262874215841
0.0013069772394374013
0.0030501086730509996
0.002776733599603176
0.10162631422281265
0.10959622263908386
0.06019370257854462
0.03694429248571396
0.0
0.0
0.0
0.001083852956071496
0.20497222244739532
0.020285753533244133
0.020089630037546158
0.023935310542583466
0.0
0.0
