0.012136581353843212
0.0
0.0
0.013994134031236172
0.09735147655010223
0.12458662688732147
0.041997089982032776
0.018058951944112778
0.007827511988580227
0.004593200515955687
0.001869464060291648
0.001482976134866476
0.0
0.0
0.0014219690347090364
0.0
0.0
0.0
0.0012388750910758972
0.0014015902997925878
0.0
0.0
0.0
0.0
0.0
0.0
0.0
0.0
0.0
0.0014217108255252242
0.0
0.0
0.0
0.0
0.0
0.0
0.34003758430480957
0.30306828022003174
0.01768084056675434
0.0
0.00308519066311419
0.0012379969703033566
0.0
0.0
0.0
0.0
0.0
0.005507899448275566
0.0
0.0
