0.006628957111388445
0.021937429904937744
0.013805539347231388
0.008113904856145382
0.03593355044722557
0.03487502411007881
0.031382255256175995
0.011060552671551704
0.003581015858799219
0.005715540144592524
0.008396894671022892
0.01855778507888317
0.010831193998456001
0.0063329096883535385
0.0044277445413172245
0.001058436231687665
0.0029988037422299385
0.002434411086142063
0.0
0.0
0.0011466271243989468
0.004163139034062624
0.0011289867106825113
0.0011113346554338932
0.0
0.0
0.0017993341898545623
0.005397979170084
0.0041807787492871284
0.0026990072801709175
0.0010584250558167696
0.0
0.0
0.0010407846421003342
0.0
0.0012701209634542465
0.16818854212760925
0.3340793550014496
0.06665682792663574
0.06625010073184967
0.002982131438329816
0.0046486142091453075
0.0012103937333449721
0.0020874934270977974
0.006996914744377136
0.06916727870702744
0.007100380957126617
0.01756341941654682
0.0
0.0
