0.05745968967676163
0.006033790297806263
0.005705760791897774
0.0
0.1727159470319748
0.13656577467918396
0.04487765580415726
0.021501025184988976
0.013132696971297264
0.007647307123988867
0.004639722872525454
0.0014343229122459888
0.0
0.0018515909323468804
0.0014355808962136507
0.0
0.0
0.0
0.0
0.0
0.0
0.0
0.0
0.0
0.0
0.0
0.0013179234229028225
0.0
0.0
0.0
0.0
0.0
0.0
0.0
0.0
0.0
0.3025883734226227
0.19620062410831451
0.00936138816177845
0.005625746678560972
0.001814887742511928
0.0
0.0
0.0
0.0
0.0
0.0
0.008090206421911716
0.0
0.0
