0.0
0.0
0.0
0.008919430896639824
0.0445929579436779
0.15980000793933868
0.02888878434896469
0.013444207608699799
0.004598451312631369
0.0
0.001582230208441615
0.0014583830488845706
0.0
0.0015079369768500328
0.0
0.0
0.0
0.0014333572471514344
0.0
0.0
0.0
0.0
0.0
0.003193856915459037
0.0056400909088552
0.004557300824671984
0.0
0.0
0.0
0.0
0.0
0.0
0.0
0.0
0.0
0.0
0.36693742871284485
0.33750733733177185
0.012010729871690273
0.0
0.0020501890685409307
0.0
0.0
0.0018772927578538656
0.0
0.0
0.0
0.0
0.0
0.0
