0.003284114645794034
0.00558655196800828
0.006544554606080055
0.0
0.027637291699647903
0.038472745567560196
0.012480813078582287
0.0038619893603026867
0.005934887565672398
0.0037510909605771303
0.004019223153591156
0.0020047102589160204
0.0006328345625661314
0.0020827671978622675
0.006975263357162476
0.014060658402740955
0.015046082437038422
0.01075997669249773
0.004075642675161362
0.0018096843268722296
0.0015297028003260493
0.0
0.0010701535502448678
0.0
0.0007253722287714481
0.001351798651739955
0.0010823701741173863
0.004049105569720268
0.0031539134215563536
0.001261344412341714
0.0017433584434911609
0.001486420165747404
0.002471775747835636
0.0070620253682136536
0.0014186982298269868
0.0
0.06531645357608795
0.10193803161382675
0.14183500409126282
0.06140531226992607
0.001074011204764247
0.000647031411062926
0.0010185569990426302
0.003308101324364543
0.2389373928308487
0.11739363521337509
0.03957893326878548
0.030120521783828735
0.0
0.0
