0.00341099058277905
0.0025122303050011396
0.0
0.0
0.011394871398806572
0.05082200467586517
0.010820726864039898
0.005922837182879448
0.0023907963186502457
0.004608134739100933
0.008827336132526398
0.0047614299692213535
0.0030342445243149996
0.0013483137590810657
0.003350745188072324
0.0018695145845413208
0.002656481461599469
0.0
0.0014914139173924923
0.0
0.0008990092319436371
0.001225700369104743
0.0
0.0
0.0006435165996663272
0.0
0.0
0.0
0.0
0.0005719807231798768
0.0010216434020549059
0.0030758394859731197
0.0014406630070880055
0.001327898702584207
0.0007865862571634352
0.0
0.05144774913787842
0.11617759615182877
0.09010539203882217
0.07434389740228653
0.0024624341167509556
0.005129169672727585
0.008552070707082748
0.0031265276484191418
0.07814545184373856
0.06936198472976685
0.2643654942512512
0.1065673828125
0.0
0.0
