0.014735144563019276
0.008907399140298367
0.010312266647815704
0.004035521298646927
0.026625586673617363
0.03017484024167061
0.014311893843114376
0.014298684895038605
0.01578180305659771
0.025852253660559654
0.02330467663705349
0.02539767697453499
0.011223004199564457
0.007328478619456291
0.006107259541749954
0.00411777151748538
0.0016271694330498576
0.0
0.002491725841537118
0.0027125910855829716
0.0018619472393766046
0.002386517124250531
0.0010539726354181767
0.0010648308089002967
0.0012035040417686105
0.002886170521378517
0.0022532057482749224
0.0013407760998234153
0.003520734142512083
0.002465692115947604
0.001401676214300096
0.0
0.0
0.0008046891307458282
0.002533610677346587
0.0011882941471412778
0.1119849681854248
0.20651106536388397
0.09939654171466827
0.060433924198150635
0.0037037183064967394
0.0011899385135620832
0.0
0.0011832932941615582
0.07591144740581512
0.09097243845462799
0.007884278893470764
0.06551700830459595
0.0
0.0
