0.03189045935869217
0.017779042944312096
0.007759342435747385
0.0
0.13771025836467743
0.09476563334465027
0.03400363028049469
0.015333110466599464
0.007838997058570385
0.0044388496316969395
0.002992490539327264
0.001477532903663814
0.005537935066968203
0.0
0.0013834661804139614
0.001139323110692203
0.001308642327785492
0.0
0.0
0.0
0.0012139867758378386
0.0
0.0
0.0
0.0015897824196144938
0.0
0.0
0.0
0.0
0.0
0.0019279755651950836
0.0
0.0
0.0
0.0
0.0
0.21381093561649323
0.37472668290138245
0.03192180395126343
0.0
0.004852166399359703
0.0024696243926882744
0.0
0.002128324704244733
0.0
0.0
0.0
0.0
0.0
0.0
