0.04914421960711479
0.007969798520207405
0.005089215002954006
0.0
0.15503400564193726
0.11878882348537445
0.044102881103754044
0.01679368130862713
0.009090191684663296
0.006490242667496204
0.0043525067158043385
0.0021377357188612223
0.0018488524947315454
0.0
0.0024651361163705587
0.0
0.0
0.0
0.0
0.0
0.0
0.0
0.0
0.0
0.0
0.0
0.0
0.0
0.0
0.0
0.0
0.0
0.0012133567361161113
0.0
0.0
0.0
0.3557845652103424
0.18876230716705322
0.018705220893025398
0.0077970377169549465
0.0028632173780351877
0.0015670311404392123
0.0
0.0
0.0
0.0
0.0
0.0
0.0
0.0
