0.005294963251799345
0.03869181126356125
0.0
0.013973011635243893
0.09337814152240753
0.15726704895496368
0.042458947747945786
0.020048359408974648
0.01095738634467125
0.008856382220983505
0.006221166346222162
0.005465219728648663
0.0
0.0
0.0012835863744840026
0.0
0.0
0.0
0.0
0.0
0.0
0.0
0.0
0.0
0.0
0.003224455052986741
0.001875995541922748
0.0
0.0
0.0
0.0
0.0
0.0
0.0
0.0
0.0
0.18872344493865967
0.3608478307723999
0.027031714096665382
0.01249082013964653
0.0019096178002655506
0.0
0.0
0.0
0.0
0.0
0.0
0.0
0.0
0.0
