0.021103912964463234
0.036224666982889175
0.023726901039481163
0.0
0.03157131373882294
0.05405188724398613
0.02808796428143978
0.02293931134045124
0.015921594575047493
0.007374615408480167
0.009039903990924358
0.011588548310101032
0.01321985200047493
0.005369523540139198
0.003806213615462184
0.005964247044175863
0.00562434084713459
0.004027149174362421
0.0024638266768306494
0.0013083902886137366
0.0
0.0
0.0015462712617591023
0.0013593288604170084
0.0
0.0018691454315558076
0.002056054538115859
0.0
0.0
0.0
0.0
0.0
0.0
0.0
0.0
0.0010365418856963515
0.09821466356515884
0.25551697611808777
0.11483451724052429
0.05785578116774559
0.02024661749601364
0.048647183924913406
0.015685968101024628
0.008050293661653996
0.01097001601010561
0.05869638919830322
0.0
0.0
0.0
0.0
