0.052658792585134506
0.052595727145671844
0.005158815998584032
0.014933873899281025
0.11214524507522583
0.11875825375318527
0.048167143017053604
0.022959761321544647
0.01123957708477974
0.004598366562277079
0.002246652264147997
0.001156153273768723
0.0010738144628703594
0.0013259613187983632
0.001022925367578864
0.0
0.0
0.0
0.0
0.001071631326340139
0.0
0.0
0.0
0.0
0.0
0.0
0.0009052502573467791
0.0
0.0
0.0
0.0
0.0
0.0
0.0
0.0
0.0
0.17509548366069794
0.327922523021698
0.03664229065179825
0.0024116819258779287
0.0030396352522075176
0.0
0.0
0.002870408818125725
0.0
0.0
0.0
0.0
0.0
0.0
