0.01172145176678896
0.013011299073696136
0.01219754945486784
0.0035176235251128674
0.03552461415529251
0.03248424455523491
0.011770491488277912
0.004796185530722141
0.005948594305664301
0.006053768564015627
0.013773182407021523
0.014448869042098522
0.037421923130750656
0.016707422211766243
0.012527289800345898
0.01288867648690939
0.0432094931602478
0.014670818112790585
0.004855120554566383
0.0034226563293486834
0.0031315407250076532
0.002723626559600234
0.003503739135339856
0.0025027336087077856
0.0007448378601111472
0.002619159175083041
0.0013852795818820596
0.0
0.0
0.0
0.0
0.0
0.0
0.0
0.0
0.0
0.07315421104431152
0.11904418468475342
0.08713588118553162
0.08510053902864456
0.0010745590552687645
0.0
0.0013782480964437127
0.0014366245595738292
0.013384532183408737
0.03748351335525513
0.12963974475860596
0.11151216924190521
0.0009725615382194519
0.01112102996557951
