0.006044663023203611
0.008512060157954693
0.01874665915966034
0.004471322055906057
0.029838120564818382
0.02177380956709385
0.014499136246740818
0.028359591960906982
0.024545898661017418
0.022765018045902252
0.02212660387158394
0.02829260379076004
0.023235462605953217
0.010282060131430626
0.006837980821728706
0.004687384702265263
0.0010416593868285418
0.0009912069654092193
0.0025032993871718645
0.00406579440459609
0.008803593926131725
0.008618760854005814
0.005863437429070473
0.001579270581714809
0.0026545561850070953
0.0
0.0
0.0
0.0012768571032211185
0.0
0.000957630283664912
0.0020664671901613474
0.00100807030685246
0.0
0.0
0.0
0.19971399009227753
0.2929408848285675
0.11589714139699936
0.04264509305357933
0.0029305245261639357
0.005128385499119759
0.006660261191427708
0.0
0.0
0.009264028631150723
0.0
0.008370665833353996
0.0
0.0
