0.0
0.0
0.0
0.0
0.1305820345878601
0.13425804674625397
0.048177700489759445
0.02534559555351734
0.012030959129333496
0.0071302554570138454
0.0017524322029203176
0.004550473298877478
0.0063190460205078125
0.0011149487691000104
0.001133812591433525
0.0021474973764270544
0.0
0.0011316229356452823
0.0
0.0
0.0
0.0
0.0
0.0
0.0033653555437922478
0.0
0.0
0.0
0.002096220152452588
0.0013064085505902767
0.0
0.0
0.0
0.0
0.0
0.0
0.35622498393058777
0.21811054646968842
0.011753248982131481
0.004053753335028887
0.004020080901682377
0.009245745837688446
0.0
0.0
0.014149202033877373
0.0
0.0
0.0
0.0
0.0
