8344589
8345321
56223
51714
8360168
8356917
8362834
33898
20130
8368986
7185
8357430
8365423
8365013
4313
3953
8381814
8364444
8380608
7584
8310065
8306043
71339
68374
8318729
8279827
8281759
81986
70134
8299738
8361749
8355733
1509
8386212
8387015
52037
34837
8341646
8322854
36636
106243
108971
8283516
8281600
100060
83625
91163
8266227
8269082
81163
130783
120282
8221535
8235978
130169
137175
130808
8210313
8205422
129095
135248
93139
8235922
8243995
116197
104946
69021
8207551
8211304
101727
82532
67324
8225190
8229841
82105
79928
46606
8206672
8197250
67835
73403
71308
8279071
8265089
76817
111259
87666
8248326
8241421
96611
112369
94693
8241371
8244516
102135
62859
44672
8284920
8270398
46071
63160
41507
8292872
8281865
71892
93984
83668
8270070
8265269
101858
94934
73927
8280053
8280038
81421
70115
57591
8301118
8304799
71729
86891
77111
8293303
8293893
96960
44067
22883
8324082
8316315
41330
35335
19042
8325352
8336605
29452
97083
82557
8281058
8295826
91039
94533
57770
8290188
8303101
70659
80208
57732
8275843
8288709
90924
56891
28013
8326212
8310593
54209
83165
54146
8312068
8312276
58584
71252
43004
8301100
8318138
79995
55127
20160
8304597
8296971
56237
47401
21292
8264914
8268473
32011
91529
68817
8282191
8287744
93355
8374445
8378017
13968
8556
8368299
8379095
7603
19587
13496
8380065
8386890
16337
2415
8383606
8385625
44106
49964
8325435
8338583
54804
132788
115576
8183316
8185111
123474
89502
66644
8215011
8225587
69130
71923
49072
8304219
8302406
77048
57249
55279
8328139
8327819
47793
23233
13786
8365256
8376245
17350
8387620
4768
8372154
8372691
8388539
23369
8789
8302559
8311764
16739
23751
11466
8333617
8341196
21414
70006
68439
8323793
8339641
77221
33274
22507
8352535
8357208
26686
19328
11384
8386240
8388448
17306
8288705
8259669
128238
150018
8288353
310
