0.0
0.0
0.0
0.009764179587364197
0.008502124808728695
0.012757699005305767
0.010679466649889946
0.015578975901007652
0.004275334533303976
0.0
0.0
0.0
0.0
0.0
0.0
0.0
0.0019879525061696768
0.0
0.0
0.002906461711972952
0.0037643760442733765
0.0
0.0
0.0
0.0
0.0
0.0
0.0
0.0
0.0
0.0
0.0
0.0
0.0
0.0019186694407835603
0.0
0.25009194016456604
0.3837161660194397
0.13477860391139984
0.022339196875691414
0.01610223762691021
0.029711242765188217
0.013153250329196453
0.018368536606431007
0.02721312642097473
0.032390620559453964
0.0
0.0
0.0
0.0
