0.0
0.0
0.0
0.0
0.032362040132284164
0.016092956066131592
0.005000411998480558
0.002746800659224391
0.0030635937582701445
0.0020072178449481726
0.0
0.00186636031139642
0.002605889458209276
0.0017958484822884202
0.0020424043759703636
0.0
0.00197195284999907
0.0
0.0
0.0
0.0
0.0
0.0
0.0
0.0
0.0
0.0
0.0
0.0
0.0
0.0
0.0
0.0
0.0038031733129173517
0.0
0.0
0.273855060338974
0.4137856364250183
0.07080339640378952
0.025102294981479645
0.011877167038619518
0.025234581902623177
0.025939444079995155
0.028159799054265022
0.0
0.03590806573629379
0.0
0.013975885696709156
0.0
0.0
