0.05777300149202347
0.0316864512860775
0.0
0.0
0.033356521278619766
0.037785377353429794
0.023364566266536713
0.02759615331888199
0.013120066374540329
0.007389501668512821
0.01936073787510395
0.008736503310501575
0.007030803710222244
0.0019152660388499498
0.0024810985196381807
0.0041542062535882
0.0
0.002884515328332782
0.0
0.005157775245606899
0.0
0.0
0.0
0.0
0.0026960617396980524
0.0
0.0
0.0016972312005236745
0.0
0.00257374276407063
0.005506065208464861
0.0
0.0
0.0
0.0
0.0
0.13028326630592346
0.31470581889152527
0.015204129740595818
0.05696013197302818
0.0025257437955588102
0.0024511776864528656
0.0
0.0
0.0141627611592412
0.0
0.0
0.08879880607128143
0.05282704904675484
0.025815309956669807
