0.06636395305395126
0.03327498957514763
0.0
0.0
0.05728751793503761
0.07029807567596436
0.041827064007520676
0.024137742817401886
0.017001619562506676
0.01599041372537613
0.01777074672281742
0.01178863923996687
0.007191590033471584
0.01996232196688652
0.016954142600297928
0.010111687704920769
0.005694250110536814
0.0028364958707243204
0.0018870708299800754
0.0
0.002197140594944358
0.002046226989477873
0.0
0.0
0.0020689582452178
0.014844238758087158
0.0
0.001915724715217948
0.0
0.0021448482293635607
0.0
0.005492540076375008
0.004543425049632788
0.0019528474658727646
0.0018218187615275383
0.0
0.07619323581457138
0.26476263999938965
0.08368503302335739
0.02556348592042923
0.005177645478397608
0.021620793268084526
0.02558382973074913
0.005616356153041124
0.0
0.032390862703323364
0.0
0.0
0.0
0.0
