0.04650348052382469
0.08857465535402298
0.016397355124354362
0.015334684401750565
0.008139553479850292
0.042827408760786057
0.022191202268004417
0.009270242415368557
0.010395110584795475
0.02922056056559086
0.027556126937270164
0.01946105621755123
0.010193773545324802
0.0107258390635252
0.0155959976837039
0.01597783900797367
0.011477449908852577
0.008223776705563068
0.00479990104213357
0.006073314696550369
0.005403931252658367
0.002474274719133973
0.0
0.0
0.0
0.0
0.0016544527607038617
0.006325008813291788
0.004416655749082565
0.0
0.0
0.0017587115289643407
0.0
0.003591433633118868
0.0
0.0
0.08883781731128693
0.21221593022346497
0.07940411567687988
0.12133397161960602
0.0
0.0
0.008551402017474174
0.003450127551332116
0.0
0.015928376466035843
0.0
0.0
0.01074005663394928
0.014974330551922321
