0.13278740644454956
0.04286918044090271
0.012578614056110382
0.013666538521647453
0.09078645706176758
0.12986481189727783
0.054186590015888214
0.027840349823236465
0.015481854788959026
0.009438551031053066
0.005805715918540955
0.0071976929903030396
0.003700737841427326
0.0
0.0
0.0
0.0
0.002580301370471716
0.0028179623186588287
0.0020709941163659096
0.004413702059537172
0.008114476688206196
0.00614519789814949
0.002851894125342369
0.004277896136045456
0.0
0.0019352752715349197
0.0
0.0
0.0
0.0
0.0
0.0
0.0
0.0
0.0043118842877447605
0.11467438191175461
0.18271781504154205
0.10090942680835724
0.015974154695868492
0.0
0.0
0.0
0.0
0.0
0.0
0.0
0.0
0.0
0.0
