0.03452590852975845
0.06395231932401657
0.0
0.0
0.03775192052125931
0.031024863943457603
0.012570607475936413
0.003612537169829011
0.0035722011234611273
0.00502623338252306
0.004020325839519501
0.010172308422625065
0.014111044816672802
0.008448723703622818
0.018688544631004333
0.022232865914702415
0.02189202792942524
0.011397822760045528
0.0031936592422425747
0.008978243917226791
0.0045736064203083515
0.003636730369180441
0.0020877374336123466
0.0019254316575825214
0.0
0.003758822102099657
0.0
0.0
0.0
0.0
0.0
0.0
0.0019957602489739656
0.003503375221043825
0.0
0.003381942631676793
0.1262422800064087
0.17947423458099365
0.13748802244663239
0.03208544850349426
0.007702327799052
0.03129623085260391
0.005464555229991674
0.0
0.08459009975194931
0.04109559953212738
0.0
0.014525601640343666
0.0
0.0
