0.02768164686858654
0.0
0.020063281059265137
0.023445000872015953
0.022260088473558426
0.030546797439455986
0.02284509316086769
0.018945487216114998
0.008579043671488762
0.004646919667720795
0.004127190914005041
0.0027622280176728964
0.0014947981107980013
0.008286661468446255
0.004387033637613058
0.0021122985053807497
0.0
0.001917317509651184
0.01286863163113594
0.004159600008279085
0.0
0.0
0.0
0.0
0.0
0.002177309012040496
0.0
0.0
0.0
0.0
0.0
0.0
0.006499333772808313
0.006856721360236406
0.0
0.0
0.17083175480365753
0.1501498967409134
0.08772440999746323
0.12317458540201187
0.07833671569824219
0.06110961362719536
0.012309659272432327
0.004948926158249378
0.0
0.054084956645965576
0.0
0.020667023956775665
0.0
0.0
