0.06470084190368652
0.11019529402256012
0.01817833073437214
0.08156641572713852
0.0524117611348629
0.04744840785861015
0.019929932430386543
0.008609005250036716
0.013569582253694534
0.019418252632021904
0.015224797651171684
0.007553924340754747
0.007839086465537548
0.0033333327155560255
0.0026788441464304924
0.0035041365772485733
0.0
0.0
0.0
0.0025647245347499847
0.005129545461386442
0.004273892380297184
0.008922561071813107
0.0025361436419188976
0.0033631836995482445
0.002279966836795211
0.005472524091601372
0.014198542572557926
0.017105543985962868
0.014253837987780571
0.005471949931234121
0.003932088613510132
0.001965714618563652
0.0016520796343684196
0.0
0.0023086376022547483
0.12910428643226624
0.15202555060386658
0.022250695154070854
0.018107665702700615
0.00521999504417181
0.0
0.0
0.004660016857087612
0.0
0.05021124333143234
0.0
0.046827685087919235
0.0
0.0
