0.1516799032688141
0.08778154850006104
0.08099480718374252
0.03629395365715027
0.06344418227672577
0.059842273592948914
0.028020955622196198
0.020193226635456085
0.007856043986976147
0.005785656161606312
0.0059275212697684765
0.005870798137038946
0.002410738030448556
0.003885494312271476
0.0
0.0
0.0016449685208499432
0.0021554569248110056
0.0
0.0
0.0
0.0034884943161159754
0.0
0.0
0.007147056050598621
0.002580890664830804
0.0
0.0
0.0015882314182817936
0.006778344511985779
0.0019002639455720782
0.004878110717982054
0.0028361130971461535
0.0015314945485442877
0.0
0.0
0.12263185530900955
0.16144582629203796
0.10786712914705276
0.0
0.0
0.0
0.0
0.0
0.0
0.0
0.0
0.011538608931005001
0.0
0.0
