0.01928766444325447
0.06382721662521362
0.0
0.0
0.005702209193259478
0.015425902791321278
0.012544884346425533
0.014345558360219002
0.03103209286928177
0.03151199221611023
0.01686643809080124
0.004291662946343422
0.002460930496454239
0.0
0.0
0.0019507557153701782
0.0
0.0
0.0
0.00153059302829206
0.0
0.0025210208259522915
0.0
0.0
0.0
0.0015606045490130782
0.0015006562462076545
0.0
0.0
0.0
0.0
0.0
0.0
0.0015305682318285108
0.0
0.0018607209203764796
0.10670790076255798
0.231124609708786
0.04586181044578552
0.038081977516412735
0.08354005217552185
0.1635875403881073
0.016745442524552345
0.0
0.02275800332427025
0.04439189285039902
0.0
0.01744912378489971
0.0
0.0
