0.0
0.0
0.013907624408602715
0.04690077155828476
0.0018897161353379488
0.0070901596918702126
0.008010334335267544
0.0018619541078805923
0.0
0.0
0.0
0.0
0.0
0.0
0.0
0.0
0.0
0.0
0.0
0.0
0.0013890838017687201
0.002306688344106078
0.009011504240334034
0.015382613986730576
0.00912289135158062
0.004393334034830332
0.0017225319752469659
0.0031136057805269957
0.0030831387266516685
0.0016388768563047051
0.0
0.0
0.0015554599231109023
0.002612561685964465
0.0020005691330879927
0.00133311387617141
0.2184353917837143
0.26123547554016113
0.05247977748513222
0.11012736707925797
0.05044500529766083
0.04539573937654495
0.0
0.007646029815077782
0.045104075223207474
0.07080453634262085
0.0
0.0
0.0
0.0
