0.0949200987815857
0.08005297183990479
0.0
0.0
0.10485026240348816
0.11238503456115723
0.048535559326410294
0.022008944302797318
0.008912261575460434
0.011405558325350285
0.015028350055217743
0.007542990613728762
0.004334099590778351
0.0019649332389235497
0.0
0.0023692140821367502
0.0
0.0020615612156689167
0.0
0.0
0.0017468358855694532
0.0064992643892765045
0.0
0.0
0.0
0.0
0.0024654362350702286
0.002682236721739173
0.0018753434997051954
0.0
0.0
0.002186875557526946
0.0016903530340641737
0.0
0.0
0.0
0.15948902070522308
0.2509734630584717
0.03911864012479782
0.008302668109536171
0.0
0.0
0.0065979608334600925
0.0
0.0
0.0
0.0
0.0
0.0
0.0
