0.1692066192626953
0.053626835346221924
0.02971576899290085
0.018652116879820824
0.0504358671605587
0.08422303199768066
0.03960872069001198
0.01798173226416111
0.01645837351679802
0.011588850058615208
0.0068010143004357815
0.0015505889896303415
0.0015234354650601745
0.003291679546236992
0.0
0.0
0.0
0.0013601877726614475
0.0013874954311177135
0.0
0.0
0.0
0.0
0.0
0.0
0.0
0.0
0.0
0.0
0.0
0.0
0.0
0.0
0.0
0.004951140843331814
0.0
0.12162606418132782
0.24300509691238403
0.009612868539988995
0.0
0.0
0.0
0.0
0.0
0.0
0.11339253932237625
0.0
0.0
0.0
0.0
