0.11823010444641113
0.03712673857808113
0.02235778048634529
0.02629423700273037
0.06984350085258484
0.06586407124996185
0.04125646874308586
0.02176525816321373
0.010273518040776253
0.00832446664571762
0.00722799077630043
0.005887994077056646
0.0036951815709471703
0.0019897741731256247
0.0
0.003492124145850539
0.006740710232406855
0.0023957944940775633
0.0
0.0
0.0020708879455924034
0.0
0.0
0.0
0.0
0.0057662068866193295
0.004263675771653652
0.00263954047113657
0.0
0.0023957944940775633
0.0
0.001989755081012845
0.0
0.0
0.0
0.0
0.1696106344461441
0.23252545297145844
0.05783919617533684
0.015426648780703545
0.0038200628478080034
0.006502214353531599
0.0
0.00983461830765009
0.0
0.01740078628063202
0.0
0.0
0.0
0.015148778446018696
