0.15259575843811035
0.05647788569331169
0.012473633512854576
0.0
0.07471438497304916
0.09819907695055008
0.049627501517534256
0.02672526240348816
0.018132423982024193
0.010012944228947163
0.0024758537765592337
0.0075005399994552135
0.0018569950480014086
0.002439522882923484
0.0022938409820199013
0.0
0.0
0.0
0.0
0.0
0.0
0.0
0.0
0.0
0.0
0.0
0.0
0.0
0.0
0.0
0.0025123239029198885
0.0031313023064285517
0.0
0.0017477036453783512
0.006299015134572983
0.0
0.240692600607872
0.18902777135372162
0.020506076514720917
0.0
0.0
0.0
0.0
0.0
0.0
0.02055749110877514
0.0
0.0
0.0
0.0
