54933
8338226
8313134
8334935
60663
12413
8377836
8381268
8368339
16064
8374542
8374791
8685
8378495
8385464
4075
8384014
5321
8375961
8380545
66066
8318743
8319074
8317804
72916
54063
8328284
8328778
8335230
68752
8387037
8382332
5702
16456
8379818
8327746
56589
69798
58197
8336328
8268104
108703
115628
95384
8265243
8258867
95475
110671
98048
8249392
8262760
95522
108256
81343
8251354
8264353
76410
106364
70798
8262450
8260782
70079
90550
68222
8257931
8274897
55399
67613
56376
8271142
8287432
58320
82389
63430
8287855
8273121
66982
82558
78500
8270667
8281282
63963
65894
65660
8273798
8299370
44866
65651
59814
8285683
8293680
45014
62425
60562
8291733
8310009
52307
69584
62395
8295302
8306268
61712
74733
61414
8304792
8309561
54269
49906
58515
8317016
8316430
53838
55633
41745
8328385
8328736
57286
69733
58019
8317199
8317260
60486
56600
43302
8309826
8356769
20112
35592
35389
8352440
8357754
11521
21452
20110
8360842
8355048
22498
24325
29216
8338547
8336802
34422
38231
39902
8329887
8330887
42445
46566
28031
8331949
8348536
35641
42837
29244
8341189
8321665
36439
52003
44336
8324952
8345962
41598
37968
38777
8326296
8343975
32323
35466
27834
8329226
8324245
46259
75050
47730
8321295
8317343
55455
80132
66034
8306556
26445
8369895
8379873
8374559
11128
13986
8385867
8379017
8377050
15885
8360979
8387908
4583
8388051
8369996
8319683
38019
57473
36386
8324306
8236804
97070
109523
96019
8239002
8273372
84848
97916
85695
8280390
8297823
69107
77942
68317
8303021
8310324
57061
68140
61755
8321065
8308231
41490
52923
33396
8279592
8315422
36399
29545
27341
8326184
8335304
14840
17263
27747
8349658
8330739
12253
24089
4294
8348706
8364808
18513
18116
24742
8382552
8371994
31283
22695
19253
8362621
3235
18696
18277
20255
3909
94141
8294451
8297897
8278314
100885
8025
