0.08848558366298676
0.0
0.013431844301521778
0.026806406676769257
0.16281335055828094
0.1233295351266861
0.060520537197589874
0.022955765947699547
0.011406054720282555
0.0
0.0
0.0038219972047954798
0.0
0.0
0.0
0.0
0.0
0.0
0.0
0.0
0.0044014183804392815
0.0
0.0
0.00785744097083807
0.007812169846147299
0.003506171517074108
0.0
0.0
0.0029750457033514977
0.003517849138006568
0.0
0.0
0.0
0.0
0.0
0.0
0.16637276113033295
0.24693846702575684
0.01905650459229946
0.008056344464421272
0.0
0.0040175714530050755
0.0
0.0027080096770077944
0.0
0.0
0.0
0.0
0.0
0.009209144860506058
