0.048005253076553345
0.0
0.0
0.0
0.1621382087469101
0.15203571319580078
0.04543410241603851
0.025229033082723618
0.009329644031822681
0.0
0.0
0.003091535298153758
0.005354989320039749
0.0
0.0
0.0
0.0
0.0038091717287898064
0.0
0.0
0.0
0.0
0.0
0.0032572175841778517
0.003091435180976987
0.01358052622526884
0.015291964635252953
0.010488987900316715
0.0
0.0
0.003698761109262705
0.0
0.0
0.0
0.0
0.0
0.17378823459148407
0.29597967863082886
0.010022004134953022
0.007764493115246296
0.0
0.0
0.0
0.00860902015119791
0.0
0.0
0.0
0.0
0.0
0.0
