0.011212878860533237
0.0461600162088871
0.02757408283650875
0.0
0.03337357938289642
0.10732575505971909
0.10635341703891754
0.06864797323942184
0.022499386221170425
0.012067621573805809
0.0060558621771633625
0.006276812870055437
0.0
0.0
0.0
0.0
0.0
0.0
0.0
0.0
0.0
0.0
0.0
0.0
0.004155117552727461
0.016311243176460266
0.005923219490796328
0.003403659909963608
0.0
0.0030058296397328377
0.0
0.0
0.008884812705218792
0.00835450366139412
0.0
0.002696505282074213
0.11610118299722672
0.1642710268497467
0.03758290410041809
0.04931653290987015
0.0026881301309913397
0.0028225413989275694
0.0
0.0
0.05007125064730644
0.03420837223529816
0.0
0.04265568032860756
0.0
0.0
