0.015196635387837887
0.01439609844237566
0.014699139632284641
0.0
0.03532121703028679
0.055376507341861725
0.03199627995491028
0.02395765855908394
0.027542628347873688
0.014537139795720577
0.010523345321416855
0.006233986467123032
0.0073331729508936405
0.0063158064149320126
0.010642323642969131
0.0038596841040998697
0.005811374634504318
0.00385927502065897
0.003273285459727049
0.0
0.0022216702345758677
0.009823117405176163
0.0040550632402300835
0.0051100896671414375
0.008539526723325253
0.00767960911616683
0.0030009495094418526
0.0
0.005028574261814356
0.0
0.005304607097059488
0.0030778462532907724
0.0
0.0
0.0026893930044025183
0.0059706768952310085
0.09910055994987488
0.16619190573692322
0.23919689655303955
0.09609857201576233
0.003134902101010084
0.004143737256526947
0.0
0.0036587356589734554
0.0
0.016392448917031288
0.0
0.018705669790506363
0.0
0.0
