0.014568422921001911
0.010404740460216999
0.0
0.0
0.027883008122444153
0.0268093291670084
0.029649145901203156
0.01765294000506401
0.016374070197343826
0.0095570869743824
0.016968050971627235
0.0424850769340992
0.021807843819260597
0.009564809501171112
0.005919241812080145
0.0
0.003256090683862567
0.007783925160765648
0.005248297471553087
0.0
0.0
0.0
0.003679795190691948
0.007741777691990137
0.010454929433763027
0.007318340707570314
0.0
0.0
0.005078817252069712
0.0
0.0048667555674910545
0.0
0.0
0.0
0.0
0.0
0.13578902184963226
0.12759914994239807
0.16478317975997925
0.13194264471530914
0.0
0.0
0.0
0.0
0.0
0.10357551276683807
0.0
0.03123803250491619
0.0
0.0
