0.02764570526778698
0.0
0.0
0.015451088547706604
0.1187172681093216
0.1838015764951706
0.047486983239650726
0.018703173846006393
0.012778169475495815
0.004642543848603964
0.003669813508167863
0.0
0.0
0.0
0.0
0.0
0.0
0.015033102594316006
0.0
0.0
0.0
0.006941789295524359
0.008179808966815472
0.0
0.0
0.0026528367307037115
0.009329495020210743
0.003050802508369088
0.002741266740486026
0.0
0.0
0.0
0.004731070250272751
0.0
0.0
0.0
0.20904289186000824
0.26164510846138
0.006690852344036102
0.00655879732221365
0.0
0.0
0.0
0.013917281292378902
0.0
0.016588618978857994
0.0
0.0
0.0
0.0
