0.017391866073012352
0.0
0.02425881288945675
0.037478893995285034
0.05263242498040199
0.061152588576078415
0.05006592348217964
0.03358776494860649
0.014188273809850216
0.009947736747562885
0.009593119844794273
0.007032234687358141
0.005972956772893667
0.004016788676381111
0.0
0.0
0.0
0.005876800511032343
0.011659041978418827
0.027036042883992195
0.007115962915122509
0.008489149622619152
0.011835319921374321
0.008973094634711742
0.009386783465743065
0.0068266140297055244
0.008395785465836525
0.0050504133105278015
0.0
0.0
0.0
0.0
0.0
0.0
0.004142255987972021
0.005917603615671396
0.11289019137620926
0.09410710632801056
0.054959092289209366
0.10319095849990845
0.0
0.0041948361322283745
0.0023843080271035433
0.002836987841874361
0.026654331013560295
0.15075786411762238
0.0
0.0
0.0
0.0
