0.06680472195148468
0.0
0.03374439850449562
0.0
0.1384279876947403
0.14015702903270721
0.06126011162996292
0.03598799929022789
0.020520176738500595
0.006422270555049181
0.008260131813585758
0.0
0.0
0.0
0.004276992753148079
0.0
0.0034755391534417868
0.0
0.0
0.0
0.004568023141473532
0.0
0.008000423200428486
0.0
0.013678316958248615
0.0043710279278457165
0.0
0.0
0.0
0.0
0.0
0.0
0.0
0.0
0.0
0.0037697800435125828
0.16912341117858887
0.25054994225502014
0.0
0.0
0.0029624090529978275
0.00301381410099566
0.0
0.0036608409136533737
0.0
0.0
0.0
0.016964631155133247
0.0
0.0
