0.018529240041971207
0.00868558045476675
0.0074115474708378315
0.0
0.04703879728913307
0.05815273895859718
0.023998189717531204
0.009489007294178009
0.004729994107037783
0.0
0.0
0.0
0.0
0.008328222669661045
0.02524610422551632
0.01114320196211338
0.007602812256664038
0.002959799487143755
0.0
0.0
0.003656388260424137
0.00473004300147295
0.0033660815097391605
0.0
0.001741102198138833
0.002089346991851926
0.006267992779612541
0.0
0.0016830653185024858
0.0
0.0
0.0
0.0
0.0
0.0
0.0017701451433822513
0.15144537389278412
0.186136394739151
0.11481501162052155
0.048011019825935364
0.025359801948070526
0.021991968154907227
0.015054690651595592
0.007369042839854956
0.012617051601409912
0.11925497651100159
0.0
0.039325304329395294
0.0
0.0
