0.0
0.0
0.011409337632358074
0.0350102074444294
0.02076774463057518
0.02809082716703415
0.026866503059864044
0.059531066566705704
0.019196894019842148
0.010256834328174591
0.005960061680525541
0.001824927981942892
0.0
0.0
0.0021714982576668262
0.004851194564253092
0.0015477507840842009
0.0034882286563515663
0.005521110258996487
0.011504306457936764
0.00445847911760211
0.009332774206995964
0.028899192810058594
0.0305856391787529
0.03961813449859619
0.01991303265094757
0.015154174529016018
0.014969389885663986
0.008085290901362896
0.0036037222016602755
0.00307242339476943
0.0
0.0
0.0
0.0
0.0
0.11887422949075699
0.16526922583580017
0.06831593066453934
0.18817923963069916
0.0
0.0
0.0
0.005573655944317579
0.0
0.028096821159124374
0.0
0.0
0.0
0.0
