0.0
0.0
0.05568118020892143
0.0
0.004342981614172459
0.0032206010073423386
0.010052220895886421
0.04220995306968689
0.053531013429164886
0.018298933282494545
0.0097595090046525
0.024740135297179222
0.00873476080596447
0.0
0.003220674814656377
0.0
0.003171914489939809
0.0
0.0
0.0
0.0030254479497671127
0.004440576769411564
0.0048309569247066975
0.003171766409650445
0.0071733128279447556
0.003562220837920904
0.0
0.0
0.0
0.0039038402028381824
0.006538871210068464
0.02191002294421196
0.005904429592192173
0.0
0.0
0.0
0.18409022688865662
0.08665681630373001
0.19217301905155182
0.08136638253927231
0.030415788292884827
0.021120693534612656
0.010414373129606247
0.011631024070084095
0.036072514951229095
0.02769022434949875
0.0
0.016943693161010742
0.0
0.0
