0.03216821700334549
0.029438074678182602
0.0
0.015371897257864475
0.16819390654563904
0.16511096060276031
0.07363318651914597
0.031184272840619087
0.016363145783543587
0.004209169186651707
0.0034979069605469704
0.0032607214525341988
0.0
0.0
0.0
0.0
0.0
0.0
0.0
0.0
0.0
0.009070818312466145
0.007884890772402287
0.00818136241286993
0.0
0.006343585439026356
0.013754315674304962
0.0
0.0
0.0
0.0
0.0
0.0
0.0
0.0
0.0
0.0964491069316864
0.24465429782867432
0.05858170613646507
0.008902915753424168
0.0
0.0
0.0
0.0037454867269843817
0.0
0.0
0.0
0.0
0.0
0.0
