8288813
8387932
8272577
92540
95772
8348881
8381269
8338528
54901
42689
8371437
8384169
8360656
8376532
2624
8384159
8387575
8373797
7742
8384970
8294039
4297
8297483
87402
91428
8307722
8386689
8289072
77858
75656
27541
8388230
8386339
8366225
8364780
119726
990
112933
8261998
8267033
133807
5701
110440
8251741
8245076
143949
5788
133552
8219544
8215456
121812
8379557
107191
8253500
8233696
125738
7144
116839
8242281
8218085
104658
8377362
81288
8261693
8248486
98758
8378549
79490
8254580
8248600
96485
8383235
81044
8269724
8251421
105637
8385727
93519
8254871
8253165
82380
8377718
69355
8277816
8272223
98027
1744
58142
8282501
8273148
84824
2309
71025
8293561
8278213
84475
8381885
61065
8290635
8274671
75981
2165
52315
8303946
8280485
69599
2708
51429
8318612
8302537
24911
3255
23328
8343658
8337030
50647
8387168
23902
8331031
8325449
67645
2787
50811
8311743
8299286
51194
8384868
38424
8323058
8316367
37828
9012
33817
8338235
8342181
47649
8378885
39151
8336067
8339027
54323
8381157
25662
8336164
8328640
40214
8386217
18016
8341421
8336649
58095
3890
46271
8344550
8318912
53516
8377605
35537
8326596
8329688
29055
8384357
25687
8342759
8342454
73833
8381664
53702
8317399
8296979
28422
8379775
5889
8347125
8326536
75856
2097
63941
8281338
8256682
8361443
8377203
8365848
34210
33542
8357255
8377266
8376717
25542
40326
121
4634
2295
8370162
8381037
66667
8380329
35992
8313496
8295818
163005
8380103
157722
8207565
8211336
176046
8386382
162008
8188158
8167745
108251
409
85697
8255326
8248713
109261
6413
93636
8270911
8258620
52637
8378138
47704
8259082
8261355
30478
5954
26826
8299043
8292951
27063
6692
23032
8325020
8344067
18633
8379977
15625
8332537
8334885
36671
7029
26586
8358159
8346252
41610
3852
22681
8336170
8335735
36075
8386867
26628
8381415
8378470
8265492
22945
8255917
128254
126153
8373001
