0.0
0.027498675510287285
0.052978239953517914
0.011243386194109917
0.01199614442884922
0.05584661662578583
0.049309298396110535
0.0170182753354311
0.008284401148557663
0.0060513634234666824
0.010040711611509323
0.03993593528866768
0.027987470850348473
0.009405435062944889
0.005506252404302359
0.008146730251610279
0.005899565760046244
0.007015554700046778
0.010932505130767822
0.005505142733454704
0.0024042343720793724
0.006238583475351334
0.005772114731371403
0.004294453654438257
0.006770555395632982
0.0065238261595368385
0.005045274738222361
0.003914266359061003
0.0
0.002282976172864437
0.0
0.0
0.0
0.0
0.0
0.0
0.1648900955915451
0.09790948033332825
0.10925320535898209
0.1775495409965515
0.0017205815529450774
0.0
0.0
0.0
0.0
0.034829281270504
0.0
0.0
0.0
0.0
