0.018421709537506104
0.0
0.019006144255399704
0.017409352585673332
0.04862107336521149
0.04769318178296089
0.030384108424186707
0.028857344761490822
0.009163660928606987
0.0033497116528451443
0.0055153085850179195
0.010943342000246048
0.02247903123497963
0.033625345677137375
0.016910860314965248
0.004481160547584295
0.012385557405650616
0.03180506080389023
0.010375920683145523
0.011894936673343182
0.009704368188977242
0.011772195808589458
0.004633849952369928
0.004258689470589161
0.010359667241573334
0.0033152953255921602
0.0018051436636596918
0.0
0.0019016199512407184
0.0
0.006644580978900194
0.0035723927430808544
0.0
0.0036522471345961094
0.009779617190361023
0.00687060784548521
0.13007253408432007
0.13405129313468933
0.05706850811839104
0.11874088644981384
0.006899559870362282
0.0
0.0
0.003881304059177637
0.025406399741768837
0.03685460612177849
0.0
0.025431834161281586
0.0
0.0
