0.017981743440032005
0.04273662343621254
0.010876678861677647
0.026894904673099518
0.04105811193585396
0.07462459057569504
0.06512576341629028
0.040609441697597504
0.03276897594332695
0.01570631004869938
0.021449659019708633
0.023907124996185303
0.021753374487161636
0.0384589321911335
0.0157319325953722
0.009576225653290749
0.008252495899796486
0.004524790216237307
0.006317841820418835
0.0076431636698544025
0.017749417573213577
0.03271711245179176
0.014104479923844337
0.005988181568682194
0.0019586440175771713
0.0023729067761451006
0.001986353425309062
0.0027042757719755173
0.002069131936877966
0.005132353398948908
0.0
0.0
0.0
0.0
0.0
0.0
0.11501013487577438
0.07286616414785385
0.10349199175834656
0.0886165127158165
0.0
0.0
0.0029655781108886003
0.004268121439963579
0.0
0.0
0.0
0.0
0.0
0.0
