0.0
0.0128913763910532
0.0
0.009747416712343693
0.018394842743873596
0.004166329279541969
0.0
0.006092184688895941
0.0
0.0
0.004991738125681877
0.0
0.0
0.0
0.0
0.0
0.0
0.002594141522422433
0.003301615361124277
0.0
0.0
0.0
0.0
0.0
0.004991797264665365
0.0
0.002358349971473217
0.022914975881576538
0.013953376561403275
0.0
0.0
0.003891212632879615
0.004009168595075607
0.0
0.0
0.0
0.10018148273229599
0.23400579392910004
0.29205527901649475
0.0935002863407135
0.020942986011505127
0.019017647951841354
0.013359506614506245
0.0
0.0368894599378109
0.02315584570169449
0.0
0.052593182772397995
0.0
0.0
