0.014492392539978027
0.012410054914653301
0.0
0.0
0.0384344682097435
0.031631920486688614
0.031802013516426086
0.021895533427596092
0.014753059484064579
0.011819430626928806
0.03205722197890282
0.05854450538754463
0.032014500349760056
0.010458862408995628
0.01028891559690237
0.01300984900444746
0.005442040506750345
0.004889362957328558
0.00408150115981698
0.0
0.0
0.0
0.0
0.0
0.0
0.0
0.009055837988853455
0.0
0.00280614267103374
0.0
0.0
0.0
0.0034437912981957197
0.0
0.002338436897844076
0.0
0.2799803912639618
0.2576262056827545
0.05422824248671532
0.0
0.0
0.00529140792787075
0.0
0.008635597303509712
0.0
0.0
0.0
0.025656070560216904
0.0
0.002912132767960429
