0.01704426296055317
0.01496921293437481
0.0
0.013814400881528854
0.08981721848249435
0.09172878414392471
0.03203217312693596
0.02702527679502964
0.027857836335897446
0.00912101287394762
0.0032157329842448235
0.009977846406400204
0.004738975316286087
0.0020206370390951633
0.0
0.002052130177617073
0.0
0.004173279274255037
0.0027818309608846903
0.0
0.0
0.0
0.0019559524953365326
0.0
0.0023539436515420675
0.0
0.0
0.004110610578209162
0.0
0.002187522826716304
0.0030868530739098787
0.006239744834601879
0.013901528902351856
0.0027545811608433723
0.0025539842899888754
0.0
0.1331581175327301
0.14511391520500183
0.11478181928396225
0.07703141868114471
0.006410231813788414
0.0037940507754683495
0.011278203688561916
0.0
0.04191769286990166
0.07499921321868896
0.0
0.0
0.0
0.0
