0.08096769452095032
0.0658036321401596
0.012729836627840996
0.0
0.0997554212808609
0.19768047332763672
0.06255117803812027
0.028649158775806427
0.011618771590292454
0.006485864520072937
0.0
0.0
0.005928727798163891
0.0
0.0
0.0
0.0
0.0
0.0
0.0
0.0
0.0
0.0
0.00254661007784307
0.0
0.002506786026060581
0.007958224043250084
0.0034617315977811813
0.0
0.0
0.0
0.0
0.0
0.0
0.0
0.0
0.17776711285114288
0.2136802077293396
0.006743712816387415
0.0077013131231069565
0.0
0.0
0.0
0.005463576875627041
0.0
0.0
0.0
0.0
0.0
0.0
