0.02371121756732464
0.030685050413012505
0.005990175995975733
0.0
0.019708625972270966
0.05582511052489281
0.04161139577627182
0.022240931168198586
0.01308559998869896
0.012817202135920525
0.021609123796224594
0.04252893850207329
0.016758400946855545
0.006274844985455275
0.0
0.0021004860755056143
0.003318971721455455
0.01858684793114662
0.014974023215472698
0.007513068150728941
0.002349842805415392
0.0013806101633235812
0.0
0.0
0.0
0.0
0.0
0.0
0.001421870430931449
0.0
0.0016243639402091503
0.0
0.0
0.0
0.0
0.001603367505595088
0.14218106865882874
0.06483658403158188
0.06862227618694305
0.10625400394201279
0.03510763868689537
0.015529293566942215
0.0015571689000353217
0.0
0.011633701622486115
0.1456146389245987
0.006509717553853989
0.03443382680416107
0.0
0.0
