0.0591684952378273
0.04500674456357956
0.015028171241283417
0.0
0.1656438112258911
0.16378292441368103
0.07475347816944122
0.041947126388549805
0.020297065377235413
0.013983185403048992
0.005259556230157614
0.005631777923554182
0.0047159683890640736
0.0040731714107096195
0.0
0.0
0.0
0.0
0.0
0.0
0.0
0.0
0.0
0.004175876267254353
0.003567162901163101
0.0
0.0
0.0
0.0
0.0
0.0
0.0
0.0
0.0
0.0
0.0
0.08450897783041
0.22875510156154633
0.05287575721740723
0.0
0.0
0.0
0.0
0.0032136982772499323
0.0
0.0
0.0
0.0
0.0
0.003612005617469549
