0.013163106516003609
0.013372291810810566
0.009222698397934437
0.028422530740499496
0.041346706449985504
0.06782545894384384
0.046650808304548264
0.03729546442627907
0.026395123451948166
0.014909821562469006
0.011276322416961193
0.005345888901501894
0.009146341122686863
0.014742685481905937
0.0072252326644957066
0.0027146560605615377
0.0
0.004427047446370125
0.0
0.005137041676789522
0.003675262676551938
0.0
0.0
0.0
0.00497001176699996
0.002464069752022624
0.002380648162215948
0.002798238303512335
0.0
0.004635816439986229
0.0
0.0
0.0028399494476616383
0.004802952986210585
0.003758741309866309
0.002338803606107831
0.1449490338563919
0.25604772567749023
0.09684165567159653
0.03693564608693123
0.0
0.0
0.0
0.002675482304766774
0.04959283024072647
0.0
0.0
0.019673937931656837
0.0
0.0
