0.056896232068538666
0.04447681084275246
0.0
0.01995539478957653
0.1516142338514328
0.13520556688308716
0.05077236518263817
0.021784624084830284
0.018025094643235207
0.014089751057326794
0.006430014036595821
0.003970406949520111
0.0031974350567907095
0.0
0.0
0.0
0.0
0.0
0.002248763106763363
0.0027757880743592978
0.0018271164735779166
0.0
0.0
0.0
0.0
0.00165139592718333
0.0
0.0
0.0
0.0
0.0
0.0
0.0
0.0
0.003267723834142089
0.0
0.20896144211292267
0.23723742365837097
0.00913014356046915
0.006482235621660948
0.0
0.0
0.0
0.0
0.0
0.0
0.0
0.0
0.0
0.0
