0.0
0.020772747695446014
0.0
0.009616144001483917
0.017154773697257042
0.006961007136851549
0.002033553784713149
0.0
0.002163930796086788
0.011106234043836594
0.021221892908215523
0.011340894736349583
0.003988862968981266
0.0016685379669070244
0.0024245993699878454
0.004588488023728132
0.009750580415129662
0.00328494468703866
0.008290579542517662
0.01798906922340393
0.034179266542196274
0.05654812231659889
0.03154601529240608
0.010298093780875206
0.003337107365950942
0.0024246200919151306
0.0
0.0
0.0
0.0
0.004640671424567699
0.0
0.0
0.0
0.0
0.0
0.14371150732040405
0.1563824713230133
0.0425555594265461
0.07451201975345612
0.0025055811274796724
0.0
0.0015726519050076604
0.0
0.0
0.01446243654936552
0.0
0.21373319625854492
0.0
0.05323381721973419
