0.026779964566230774
0.0
0.0
0.013808307237923145
0.1365368813276291
0.10705848038196564
0.04098254814743996
0.017427943646907806
0.007007193751633167
0.0021484263706952333
0.0
0.0
0.002728354651480913
0.005495065823197365
0.0030178045853972435
0.0
0.0
0.0
0.0
0.0
0.0
0.0
0.0
0.0
0.0
0.0
0.0
0.0
0.003663966665044427
0.0
0.0022195593919605017
0.003914502914994955
0.0033359555527567863
0.0034086944069713354
0.003049493068829179
0.006042335648089647
0.3337896466255188
0.2554709315299988
0.013322817161679268
0.006679124664515257
0.0021119266748428345
0.0
0.0
0.0
0.0
0.0
0.0
0.0
0.0
0.0
