0.013181758113205433
0.0
0.0
0.0
0.12413857132196426
0.0868024230003357
0.029238862916827202
0.010215595364570618
0.0059066833928227425
0.0
0.0
0.0
0.0
0.0
0.0
0.0
0.0
0.0
0.0026021511293947697
0.003778108861297369
0.0
0.0
0.0
0.0
0.0
0.0026692720130085945
0.0038122301921248436
0.005828712601214647
0.007023843936622143
0.004165667574852705
0.002453756285831332
0.0
0.0035368837416172028
0.0033838842064142227
0.0
0.0
0.42341333627700806
0.2068558782339096
0.02503405325114727
0.0
0.003096591914072633
0.0
0.0
0.0
0.0
0.021749205887317657
0.0
0.011112527921795845
0.0
0.0
