8348558
8333819
8337555
59940
8320025
8345612
8325374
8343318
69391
8331239
8374274
14342
8382210
6847
15032
8383547
32142
10744
8379460
24826
8303509
8296588
8306386
76347
8304192
8309482
8302865
8302045
89664
8293429
46008
42530
34419
8361469
45032
68978
74924
78979
8346340
83578
106290
115026
114182
8303224
117254
103798
143363
123794
8270321
133715
137530
153659
145799
8266694
145463
138241
156196
143508
8268557
146199
128859
148110
141713
8273774
142830
112495
147439
118097
8286610
122857
124009
156013
148502
8255588
154567
90633
120946
107869
8302788
124028
94101
135723
107633
8306678
109039
114306
161621
127773
8275945
144996
158789
182853
159521
8250668
176881
151312
194127
168749
8235369
164888
79942
116195
84043
8309543
100986
95813
114510
89928
8299994
113306
91529
126156
100902
8299590
109712
132791
178348
151754
8252071
159401
131634
153874
146976
8268136
155238
69642
105288
77708
8311915
94213
79181
124638
100043
8303894
98829
39190
74736
60339
8350362
68190
26469
55856
36565
8353202
65835
105156
114219
114673
8291963
117855
18221
30026
15825
8386584
33101
124278
148426
128999
8263961
142621
68539
105825
84050
8306243
95609
89318
127984
100953
8289690
120567
99980
125421
107672
8285264
106873
153447
162716
161126
8239950
166308
8366984
8362544
8360863
29710
8363434
8366714
8361662
8363546
49842
8369362
3603
33786
7658
8
1823
62838
86776
60027
8342621
72883
78535
102932
77281
8312432
90474
94154
139415
116115
8272203
123321
134920
167091
142445
8259265
167311
130491
150814
122094
8261281
139246
28713
49110
33286
8369881
42498
3404
15473
7873
8377807
25068
74781
97461
80669
8314949
90618
38559
71858
46927
8351438
63867
101073
131010
120725
8275764
115421
23545
55594
25472
8354701
52178
23263
27581
27002
20772
25272
8213320
8236298
8228821
110529
8197164
15121
