0.045401036739349365
0.030957136303186417
0.012596775777637959
0.0
0.06958028674125671
0.04930073767900467
0.02051168866455555
0.012640240602195263
0.005902600008994341
0.0032882720697671175
0.0022317301481962204
0.0024410407058894634
0.0016710144700482488
0.0
0.0020706080831587315
0.0
0.0012416952522471547
0.0009732803446240723
0.0
0.0
0.0007392814150080085
0.0
0.0008117637480609119
0.0
0.0010091607691720128
0.0
0.0007942278170958161
0.0019041183404624462
0.0
0.0
0.0
0.0
0.0
0.0
0.0
0.0
0.3192065358161926
0.34021294116973877
0.038900211453437805
0.01647733524441719
0.002428308129310608
0.0044854129664599895
0.0027339928783476353
0.0016662313137203455
0.0
0.00782235711812973
0.0
0.0
0.0
0.0
