0.04504520073533058
0.04839150235056877
0.0
0.0
0.08930722624063492
0.08501278609037399
0.032230257987976074
0.0169097650796175
0.010270120576024055
0.0054032872430980206
0.004835642874240875
0.0036591084208339453
0.0018139418680220842
0.0
0.0
0.0
0.0
0.0
0.0
0.0
0.0
0.0
0.0
0.0
0.0
0.0
0.0
0.0
0.0
0.0
0.0
0.0
0.0
0.0
0.0
0.0
0.21244941651821136
0.39273542165756226
0.032515838742256165
0.00283356592990458
0.002448962302878499
0.004948050249367952
0.0030170860700309277
0.0024060315918177366
0.0
0.0
0.0
0.003766869194805622
0.0
0.0
