0.07163269817829132
0.09473460167646408
0.02356264926493168
0.0
0.034184057265520096
0.05544362962245941
0.04759996011853218
0.04434586316347122
0.02432941645383835
0.019407959654927254
0.0153133450075984
0.010834571905434132
0.00759020633995533
0.0027242370415478945
0.0011990244966000319
0.0
0.000823626818601042
0.0018796406220644712
0.0006335026700980961
0.0007055106689222157
0.0006605613743886352
0.0015165924560278654
0.001798355020582676
0.0006373594515025616
0.0
0.0005765147507190704
0.0017591245705261827
0.0009635263704694808
0.001753456424921751
0.0019395429408177733
0.0
0.0
0.0009748611482791603
0.0022518301848322153
0.0021624958608299494
0.0
0.1690712571144104
0.16921474039554596
0.13962462544441223
0.04093838110566139
0.0025033156853169203
0.0
0.0
0.0047089108265936375
0.0
0.0
0.0
0.0
0.0
0.0
