0.03525747358798981
0.018036644905805588
0.007593913469463587
0.0
0.03227044641971588
0.03158219903707504
0.017459437251091003
0.01482317689806223
0.00992667768150568
0.005216163117438555
0.005647760815918446
0.0032344376668334007
0.005589698441326618
0.0044365376234054565
0.002260037465021014
0.003361838636919856
0.0042404904961586
0.0011046002618968487
0.0011858473299071193
0.0
0.0
0.0
0.0015891420189291239
0.0
0.0
0.0
0.0
0.001175647834315896
0.0
0.0010005877120420337
0.0
0.0
0.0008914207573980093
0.0008627931238152087
0.0
0.0
0.1149335578083992
0.301943302154541
0.15216834843158722
0.03948066383600235
0.0018148954259231687
0.005954458378255367
0.0
0.0
0.031029339879751205
0.0865422934293747
0.01246804278343916
0.03393520042300224
0.0
0.010982806794345379
