0.0531846284866333
0.0360339879989624
0.0
0.0
0.07328731566667557
0.0558435395359993
0.023507682606577873
0.015611285343766212
0.008497795090079308
0.004201770760118961
0.002492847852408886
0.0026288595981895924
0.0013801467139273882
0.0019483689684420824
0.0018796889344230294
0.000884604814928025
0.002193782012909651
0.0
0.0
0.0
0.0007392197148874402
0.0
0.0
0.0
0.0
0.0
0.0009699997026473284
0.0
0.0015863546868786216
0.0
0.0
0.0
0.0
0.0
0.0
0.0
0.33383458852767944
0.3130812644958496
0.05594112351536751
0.005115656182169914
0.0020574000664055347
0.002002936555072665
0.0010952226584777236
0.0
0.0
0.0
0.0
0.0
0.0
0.0
