0.04831451177597046
0.028762809932231903
0.0
0.0068823592737317085
0.06674414873123169
0.07695332169532776
0.03410627320408821
0.016030481085181236
0.010209161788225174
0.004685057792812586
0.0033739262726157904
0.0
0.004370410926640034
0.001083857729099691
0.0
0.0
0.003339005634188652
0.0
0.00083912443369627
0.0
0.0
0.0008391091832891107
0.0014334868174046278
0.0
0.0
0.0
0.0
0.0
0.0
0.0
0.0
0.0
0.0018005955498665571
0.0
0.0
0.0
0.21631895005702972
0.40100762248039246
0.0487314909696579
0.0
0.0015363566344603896
0.0
0.0
0.001804330968298018
0.0
0.02083367295563221
0.0
0.0
0.0
0.0
