0.03773626685142517
0.07003916054964066
0.009086904115974903
0.013873032294213772
0.02106805145740509
0.027784788981080055
0.012863270938396454
0.009358893148601055
0.010763603262603283
0.016284313052892685
0.0328049436211586
0.052106983959674835
0.027729172259569168
0.018940389156341553
0.01152830570936203
0.01255735196173191
0.022430870682001114
0.008524543605744839
0.005145237315446138
0.0027256144676357508
0.0034765549935400486
0.0026839168276637793
0.002628247020766139
0.0024057235568761826
0.0023780004121363163
0.0
0.0
0.0
0.0009456287370994687
0.0012793458299711347
0.0
0.0012793801724910736
0.0016826450591906905
0.0010847185039892793
0.0006814178195782006
0.0
0.10533420741558075
0.17556168138980865
0.135420024394989
0.06835649162530899
0.002220349619165063
0.0
0.0
0.0
0.0
0.0
0.0
0.0
0.0
0.06923000514507294
