0.07092753797769547
0.09676045924425125
0.005948267877101898
0.0
0.07012103497982025
0.09085478633642197
0.04634591192007065
0.021937871351838112
0.012103701010346413
0.007827211171388626
0.0041837128810584545
0.003303780686110258
0.001327689504250884
0.0
0.0010343700414523482
0.0008953951182775199
0.0
0.0
0.0
0.0011270177783444524
0.0007719179848209023
0.0008182026795111597
0.0
0.0
0.0
0.0
0.000802825263235718
0.0
0.0
0.0007255946984514594
0.0
0.0010961235966533422
0.0
0.0
0.0009880713187158108
0.0
0.18547257781028748
0.2899732291698456
0.055310215801000595
0.015415795147418976
0.0016803701873868704
0.0
0.0
0.0
0.0
0.0
0.0
0.0
0.0
0.012246405705809593
