0.07167824357748032
0.04551798105239868
0.005637410096824169
0.0
0.0934610441327095
0.11143628507852554
0.043947797268629074
0.022351089864969254
0.01330327894538641
0.0070458026602864265
0.005986741278320551
0.0013601084938272834
0.0015699416399002075
0.001183060696348548
0.0
0.0
0.0011020813835784793
0.0
0.0
0.0
0.0
0.0
0.0
0.0
0.0
0.0
0.0
0.0
0.0
0.0
0.0
0.0
0.0
0.0
0.0
0.0
0.1838994026184082
0.2569527328014374
0.08527989685535431
0.0166033823043108
0.0
0.0
0.0015790221514180303
0.0
0.0
0.030104734003543854
0.0
0.0
0.0
0.0
