0.02502167411148548
0.024024227634072304
0.03757486864924431
0.017617350444197655
0.020454050973057747
0.02699446864426136
0.014695572666823864
0.019225211814045906
0.014441709034144878
0.006063109263777733
0.0031788069754838943
0.0033006255980581045
0.004895218648016453
0.003595206420868635
0.007017715368419886
0.007921629585325718
0.015447158366441727
0.017112743109464645
0.008297423832118511
0.003889754181727767
0.0011171507649123669
0.001340592629276216
0.0023155398666858673
0.0012288717553019524
0.0005992131773382425
0.0015437125694006681
0.000680436089169234
0.0005382789531722665
0.0013405780773609877
0.004224881064146757
0.0030569536611437798
0.0023663549218326807
0.0018687144620344043
0.002264818176627159
0.0
0.0
0.13317911326885223
0.23950456082820892
0.1595560908317566
0.060729607939720154
0.007132665254175663
0.01728585921227932
0.005935121327638626
0.01350244227796793
0.0
0.030081553384661674
0.0
0.018585650250315666
0.0
0.009252750314772129
