0.17305965721607208
0.021413132548332214
0.010642202571034431
0.0
0.09357620775699615
0.1018969863653183
0.04627249762415886
0.023701930418610573
0.01747213676571846
0.010612200945615768
0.007361211813986301
0.0043107871897518635
0.003952776547521353
0.002935905009508133
0.003222294617444277
0.0023630603682249784
0.002520570531487465
0.002806947799399495
0.0
0.0
0.0
0.0
0.0
0.0007447140524163842
0.0
0.0
0.0
0.0
0.0
0.0
0.0
0.0007590354070998728
0.0
0.0
0.0
0.0
0.15259014070034027
0.2543785572052002
0.04489686340093613
0.010354244150221348
0.002144428202882409
0.0
0.0
0.0
0.0
0.0
0.006011505611240864
0.0
0.0
0.0
