0.06564077734947205
0.03397637978196144
0.005930399522185326
0.012626660987734795
0.09208795428276062
0.07815764844417572
0.03074636124074459
0.01861400157213211
0.008204042911529541
0.005635565612465143
0.005288070533424616
0.005152042023837566
0.002553383121266961
0.0008763088844716549
0.0
0.0
0.0
0.0
0.0
0.0
0.0
0.0
0.0025231502950191498
0.0008158812415786088
0.0016166461864486337
0.0011935930233448744
0.0011633681133389473
0.0
0.0
0.0
0.0
0.0
0.0008309763506986201
0.0
0.0
0.0
0.27454423904418945
0.24882818758487701
0.08975829929113388
0.011349289678037167
0.0018867873586714268
0.0
0.0
0.0
0.0
0.0
0.0
0.0
0.0
0.0
