0.031988900154829025
0.04947403073310852
0.0
0.004500133451074362
0.026460368186235428
0.02920139767229557
0.012714574113488197
0.008982968516647816
0.005821273196488619
0.008820130489766598
0.006879718974232674
0.004233624320477247
0.0008955819066613913
0.00214396882802248
0.002293279627338052
0.0024560759775340557
0.0070289806462824345
0.006499764509499073
0.005292094778269529
0.006119810044765472
0.0050207083113491535
0.0028902762569487095
0.005278516560792923
0.006486205384135246
0.0053734914399683475
0.007626008708029985
0.002551064360886812
0.002021815162152052
0.0008955964585766196
0.0008005887502804399
0.0
0.0
0.002442501951009035
0.001641888520680368
0.003161688568070531
0.0035958895459771156
0.3046231269836426
0.2522939443588257
0.07934104651212692
0.05616489052772522
0.0014104100409895182
0.0
0.0
0.0011954930378124118
0.006240397226065397
0.018383337184786797
0.0
0.008754443377256393
0.0
0.0
