0.18948151171207428
0.06876417249441147
0.006331906653940678
0.0
0.08696167916059494
0.10045493394136429
0.048242777585983276
0.02189115807414055
0.012707668356597424
0.007163762114942074
0.005977153312414885
0.004015774000436068
0.004868302494287491
0.0010611506877467036
0.0
0.0
0.0
0.0008123949519358575
0.0
0.0
0.0
0.0007598066586069763
0.0
0.0
0.000822999922093004
0.0
0.0
0.0
0.0
0.0
0.0
0.0
0.000772854546085
0.0009554072748869658
0.0
0.0
0.16128839552402496
0.2266566902399063
0.04067669063806534
0.007923182100057602
0.0014097047969698906
0.0
0.0
0.0
0.0
0.0
0.0
0.0
0.0
0.0
