0.05320421978831291
0.06791074573993683
0.02130473591387272
0.0
0.05940414220094681
0.07262764871120453
0.050838831812143326
0.027089780196547508
0.010976182296872139
0.006953895557671785
0.004667492117732763
0.00370310852304101
0.0033628689125180244
0.0018177308375015855
0.001226529711857438
0.0
0.0008251254912465811
0.0017744464566931129
0.0017747740494087338
0.0017203986644744873
0.0017361915670335293
0.0026538902893662453
0.0014912209007889032
0.0010356820421293378
0.0036759597714990377
0.0041582901030778885
0.0
0.0
0.0
0.0
0.0
0.001085911993868649
0.0
0.0
0.0
0.0007806168287061155
0.17931780219078064
0.2833690941333771
0.05502871423959732
0.05186345428228378
0.00109876599162817
0.0
0.0024856531526893377
0.006935474928468466
0.0
0.012100683525204659
0.0
0.0
0.0
0.0
