0.05481633543968201
0.005639039445668459
0.019836267456412315
0.009380985982716084
0.06914065778255463
0.050901371985673904
0.02580266445875168
0.009039592929184437
0.005808746442198753
0.00243405532091856
0.004005079157650471
0.002586768940091133
0.0008349017007276416
0.000907904643099755
0.0
0.0
0.0
0.0
0.0
0.0
0.0
0.0
0.0
0.001142451073974371
0.0
0.0
0.0
0.0
0.0
0.0
0.0010704940650612116
0.0
0.0008187607163563371
0.0
0.0
0.0
0.35092490911483765
0.33018502593040466
0.0335828959941864
0.003381558461114764
0.0015156393637880683
0.0013887375826016068
0.0018603537464514375
0.0
0.0
0.012994800694286823
0.0
0.0
0.0
0.0
