0.014725672081112862
0.019011475145816803
0.004598158877342939
0.00973590649664402
0.007689641788601875
0.009375154972076416
0.0054335338063538074
0.0033715106546878815
0.0010209891479462385
0.0018326618010178208
0.002020377665758133
0.00491493521258235
0.002663208171725273
0.0017641434678807855
0.0025684142019599676
0.00319312303327024
0.0044408924877643585
0.0063836765475571156
0.002640791004523635
0.001797779113985598
0.000704814912751317
0.0007617602241225541
0.0004706195031758398
0.0004375908465590328
0.0019357342971488833
0.007241135463118553
0.006211302243173122
0.0020002303645014763
0.0006321069085970521
0.0
0.0
0.000640322279650718
0.0
0.0
0.0
0.0
0.09145226329565048
0.22782190144062042
0.12479424476623535
0.06227099522948265
0.02901901677250862
0.029911765828728676
0.040174566209316254
0.032506588846445084
0.05126543343067169
0.11801574379205704
0.0
0.058215294033288956
0.0
0.004334643948823214
