0.01760566420853138
0.031238164752721786
0.01551208645105362
0.0
0.014065846800804138
0.020172612741589546
0.021668946370482445
0.010221665725111961
0.006402613595128059
0.003759111976251006
0.003758885432034731
0.0034825867041945457
0.00845506601035595
0.0070805116556584835
0.004287452436983585
0.006511354818940163
0.0033802157267928123
0.004667699337005615
0.0032683322206139565
0.0010606362484395504
0.0005940908449701965
0.0
0.0
0.0
0.0019377334974706173
0.0011352476431056857
0.0
0.0007710407953709364
0.00073372817132622
0.0005751602002419531
0.0007711832295171916
0.0010323103051632643
0.0
0.0
0.0005103109288029373
0.0
0.21797765791416168
0.17369194328784943
0.09519754350185394
0.08804052323102951
0.00645184563472867
0.020016241818666458
0.004075884353369474
0.0017781071364879608
0.007157103158533573
0.10653885453939438
0.0
0.021600954234600067
0.0
0.06281312555074692
