0.01856369525194168
0.023876111954450607
0.043847452849149704
0.01727704145014286
0.020908193662762642
0.02250082418322563
0.011759505607187748
0.009362958371639252
0.011599302291870117
0.006929060909897089
0.005183835048228502
0.0012880009599030018
0.002509448677301407
0.006799765862524509
0.008677240461111069
0.00624195858836174
0.0028141799848526716
0.0018518142169341445
0.0031330555211752653
0.005173932295292616
0.006596429273486137
0.012838063761591911
0.005682772491127253
0.009421809576451778
0.012291638180613518
0.011178282089531422
0.004692108370363712
0.004147232510149479
0.003137158928439021
0.0032696707639843225
0.0013028313405811787
0.0015277959173545241
0.0
0.0
0.0
0.0
0.08296934515237808
0.12588267028331757
0.14893946051597595
0.19214822351932526
0.0016680109547451138
0.002290222095325589
0.0034335607197135687
0.007335706613957882
0.007440423127263784
0.08980243653059006
0.0
0.006593851372599602
0.0
0.02511274814605713
