1.6764456033706665
-1.5375570058822632
-2.3032894134521484
-1.6379859447479248
1.851314663887024
0.37882405519485474
-0.32874199748039246
-0.22401194274425507
-0.6185770034790039
0.4902365207672119
-0.4292641878128052
-0.4216615855693817
0.2650739848613739
-0.30865371227264404
-0.09595657140016556
0.12437478452920914
-0.14020289480686188
0.16238448023796082
-0.38597461581230164
-0.24609151482582092
2.016186475753784
-2.1321310997009277
-2.1220200061798096
-2.160792589187622
2.2252440452575684
1.6498854160308838
-1.8409684896469116
-1.8258886337280273
-1.6289782524108887
2.0981619358062744
-0.04796310141682625
-0.19153104722499847
0.1740218997001648
0.5022197961807251
-0.26825177669525146
-1.8573836088180542
1.7269819974899292
2.1300811767578125
1.7760576009750366
-1.5954885482788086
-3.6775078773498535
3.3173701763153076
3.5286972522735596
2.910902976989746
-3.764814853668213
-3.9593961238861084
2.9136765003204346
3.377415895462036
2.9922068119049072
-4.248547077178955
-3.840601682662964
2.91511869430542
3.303723096847534
2.4824185371398926
-4.188678741455078
-3.7919721603393555
2.3318593502044678
3.2459819316864014
2.160588264465332
-3.850045680999756
-3.9009552001953125
2.138653039932251
2.763383626937866
2.0819830894470215
-3.9879565238952637
-3.4701993465423584
1.6906541585922241
2.0634102821350098
1.7204735279083252
-3.584787130355835
-3.0876526832580566
1.77980637550354
2.514334201812744
1.9357385635375977
-3.0747528076171875
-3.524401903152466
2.0441439151763916
2.519484043121338
2.3956501483917236
-3.599285840988159
-3.2753536701202393
1.9520035982131958
2.0109527111053467
2.0038094520568848
-3.5037524700164795
-2.7233428955078125
1.3692270517349243
2.003525972366333
1.825387716293335
-3.1410348415374756
-2.896998405456543
1.373741865158081
1.905070185661316
1.8482345342636108
-2.956406831741333
-2.398651123046875
1.5962889194488525
2.1235580444335938
1.904165267944336
-2.8474936485290527
-2.512831449508667
1.883319616317749
2.2806830406188965
1.8742111921310425
-2.5578653812408447
-2.412332534790039
1.6561806201934814
1.5230369567871094
1.7857383489608765
-2.1848361492156982
-2.202721357345581
1.6430349349975586
1.697799801826477
1.2739564180374146
-1.8378840684890747
-1.827153205871582
1.7482510805130005
2.128087282180786
1.7706241607666016
-2.1792545318603516
-2.1773970127105713
1.8459115028381348
1.7273170948028564
1.3214774131774902
-2.4042646884918213
-0.971668004989624
0.6137933135032654
1.086208462715149
1.0799874067306519
-1.1037888526916504
-0.9415980577468872
0.35161203145980835
0.654690146446228
0.6137264370918274
-0.8473696708679199
-1.024184226989746
0.6865966320037842
0.7423498630523682
0.8916251063346863
-1.527744174003601
-1.5810010433197021
1.0505009889602661
1.1667453050613403
1.2177358865737915
-1.792048692703247
-1.761526346206665
1.295348882675171
1.4210890531539917
0.855451226234436
-1.7291216850280762
-1.2229280471801758
1.0876952409744263
1.3072993755340576
0.8924688696861267
-1.447140097618103
-2.0429611206054688
1.1120582818984985
1.5870076417922974
1.3530296087265015
-1.9426453113555908
-1.3014638423919678
1.2694841623306274
1.1587125062942505
1.1834081411361694
-1.9016315937042236
-1.3621010780334473
0.9864232540130615
1.082366704940796
0.8494407534599304
-1.8121949434280396
-1.96421217918396
1.4117332696914673
2.290353536605835
1.4566210508346558
-2.054243803024292
-2.17486310005188
1.6923680305480957
2.445446729660034
2.015199899673462
-2.504055976867676
0.8070677518844604
-0.5711013078689575
-0.26659971475601196
-0.42876502871513367
0.33961474895477295
0.426827073097229
-0.08364914357662201
-0.29272231459617615
-0.35275188088417053
0.4847802221775055
-0.8431729078292847
-0.021380284801125526
0.1398625373840332
-0.017000364139676094
-0.5679987072944641
-2.103440761566162
1.1602742671966553
1.753941535949707
1.1104402542114258
-1.9623503684997559
-4.632704734802246
2.9623496532440186
3.342384099960327
2.930285930633545
-4.565637588500977
-3.516753673553467
2.589369535446167
2.9881632328033447
2.615233898162842
-3.302555799484253
-2.7705471515655518
2.108982801437378
2.3786110877990723
2.0848822593688965
-2.6119160652160645
-2.3890507221221924
1.741371512413025
2.079470157623291
1.8846429586410522
-2.0612618923187256
-2.452921152114868
1.2661949396133423
1.6150881052017212
1.0191733837127686
-3.326918840408325
-2.233482599258423
1.1108239889144897
0.9016714692115784
0.8343966007232666
-1.9050521850585938
-1.6267282962799072
0.4529067277908325
0.5268529057502747
0.8467831611633301
-1.1886844635009766
-1.7660269737243652
0.3739362955093384
0.7351515293121338
0.1310635209083557
-1.2177375555038452
-0.7263415455818176
0.565001368522644
0.5528868436813354
0.7550827264785767
-0.184821218252182
-0.5070363879203796
0.9547042846679688
0.692607581615448
0.5875653624534607
-0.793066143989563
0.09873274713754654
0.5705730319023132
0.5577945113182068
0.618140459060669
0.11930771917104721
2.872982978820801
-2.8734560012817383
-2.7682952880859375
-3.365933656692505
3.0787746906280518
0.24491305649280548
