0.03380906209349632
0.0
0.0
0.04426164925098419
0.13459670543670654
0.12654483318328857
0.04749516770243645
0.011805853806436062
0.011751450598239899
0.008922338485717773
0.0036452184431254864
0.0
0.0
0.0
0.007072585169225931
0.0
0.0
0.0
0.0033731546718627214
0.0
0.0
0.0
0.0033730410505086184
0.006909371353685856
0.0
0.0042434330098330975
0.0
0.0
0.0
0.0
0.0
0.003536371747031808
0.0
0.0
0.0
0.0
0.19930966198444366
0.19413772225379944
0.15521228313446045
0.0
0.0
0.0
0.0
0.0
0.0
0.0
0.0
0.0
0.0
0.0
