0.01590144820511341
0.0
0.013453721068799496
0.01584630273282528
0.03858620300889015
0.026333319023251534
0.01836356334388256
0.020967328920960426
0.015947455540299416
0.014393054880201817
0.011168336495757103
0.01501607708632946
0.006662917323410511
0.00545259565114975
0.007336190901696682
0.008625092916190624
0.007083703298121691
0.009499489329755306
0.007417353335767984
0.015584777109324932
0.017634179443120956
0.013970635831356049
0.0077482955530285835
0.0
0.0
0.0
0.0
0.0
0.0
0.0044906772673130035
0.0
0.0
0.0
0.0
0.0
0.0
0.10127227753400803
0.1898130476474762
0.0427372083067894
0.03230811655521393
0.0
0.0
0.0018862140132114291
0.002154117450118065
0.0
0.04865482822060585
0.042925022542476654
0.20763278007507324
0.0
0.013133668340742588
