0.015897417441010475
0.0765334963798523
0.0
0.0
0.059730399399995804
0.060001835227012634
0.017704900354146957
0.010881365276873112
0.013130947947502136
0.01643763855099678
0.034110963344573975
0.07136493921279907
0.024548066779971123
0.010679609142243862
0.010096997953951359
0.022958939895033836
0.02490295097231865
0.03917437046766281
0.010774215683341026
0.004673054441809654
0.0036893354263156652
0.00514198187738657
0.0
0.005895683076232672
0.0
0.0
0.0
0.0021745190024375916
0.0
0.0
0.0
0.0
0.0
0.002987476298585534
0.0
0.0
0.1746714562177658
0.0979815348982811
0.03858988359570503
0.1323312222957611
0.0
0.0
0.0
0.012934756465256214
0.0
0.0
0.0
0.0
0.0
0.0
