0.02028694376349449
0.01618763618171215
0.019991032779216766
0.0
0.05599441006779671
0.07239463925361633
0.021696321666240692
0.011555965058505535
0.01485506072640419
0.01608157902956009
0.01801629178225994
0.010517986491322517
0.008517604321241379
0.0026939380913972855
0.008807607926428318
0.00683067599311471
0.0059548732824623585
0.002614585217088461
0.007352999411523342
0.008347530849277973
0.0
0.0
0.0
0.0
0.0
0.0
0.0
0.0
0.0027802560944110155
0.0
0.0
0.002848452189937234
0.0
0.0
0.0
0.0
0.11903103440999985
0.14562740921974182
0.08303280919790268
0.03923160582780838
0.004371268674731255
0.0
0.0
0.0
0.021831654012203217
0.11571071296930313
0.019069641828536987
0.11776753515005112
0.0
0.0
