8318804
68363
69236
8316864
4933
8324997
69621
79647
8328343
8383569
25715
8350260
8352480
32116
4937
28641
8349998
8354019
41509
2530
8290627
91749
84704
8289732
5230
8299611
104254
84023
8290298
8378420
47996
8340868
8356503
35439
1501
75701
8314135
8330648
101384
8378920
138763
8265572
8262758
113110
7031
161311
8219386
8233966
155538
353
131403
8251060
8270706
135234
8385906
170598
8215004
8207833
179129
3679
180747
8208459
8214683
178652
8385338
190155
8184644
8199889
185362
4941
203810
8168361
8189272
205714
5105
194373
8164238
8174842
197652
8380888
118575
8246060
8252574
122080
2311
141944
8217276
8214514
143314
8380757
93510
8275945
8256257
93452
8378155
45236
8322560
8308059
52368
8386862
147724
8235262
8216347
139233
8388007
108252
8268172
8278247
103829
7271
30560
8349000
8349936
35294
8386953
174082
8196511
8211297
167966
8384393
170014
8204074
8217277
171935
51
118519
8261076
8280409
113162
7380
146736
8241758
8244169
129862
8387865
116625
8252143
8262930
110808
8387998
109017
8279387
8280350
104885
8386610
71406
8324428
8328971
59228
47
81210
8286758
8310859
84105
8387510
115024
8276948
8281647
112516
8383567
139210
8262924
8250088
130611
8377530
128523
8244989
8259684
122859
3419
154928
8215347
8235442
163466
8387910
121361
8267048
8271289
121102
7494
8365412
33714
28831
8352863
8385728
8358008
34330
41565
8364206
8378292
32127
8355037
8362926
29357
8385771
94384
8279155
8286210
96047
8381497
66499
8316586
8321055
62788
7086
148713
8223775
8245618
159923
641
180199
8209832
8209662
176880
8388343
116617
8270341
8272252
116766
4415
47951
8312310
8326785
36729
8380565
14294
8351372
8373323
22430
21
142536
8246870
8242894
140213
8379741
79820
8285761
8285692
66584
8383555
119086
8282725
8263967
112362
6149
80354
8283798
8311364
88926
2425
31176
8388144
8382198
34574
8387372
8204376
142796
156185
8221339
14347
8365746
