0.031388361006975174
0.048685722053050995
0.031552646309137344
0.0
0.022014489397406578
0.01583286002278328
0.009922457858920097
0.006770781707018614
0.0059384736232459545
0.009987885132431984
0.013775435276329517
0.02455822378396988
0.012251053936779499
0.00664923619478941
0.0033760906662791967
0.004919121507555246
0.006424830760806799
0.012148154899477959
0.009230373427271843
0.006808232981711626
0.00706074945628643
0.010118790902197361
0.005377370864152908
0.0024689147248864174
0.0
0.0
0.0
0.0
0.0
0.0
0.0
0.0
0.0
0.0
0.0
0.0
0.16571363806724548
0.15672533214092255
0.19801411032676697
0.1437864899635315
0.002115253359079361
0.0022517279721796513
0.0040355552919209
0.0
0.0
0.015995245426893234
0.0
0.004102423787117004
0.0
0.0
