0.0051606022752821445
0.0186292827129364
0.0
0.003053392982110381
0.01610763929784298
0.02716473862528801
0.009822502732276917
0.007996886968612671
0.006765567697584629
0.004509887658059597
0.0029779961332678795
0.0021126552019268274
0.0013763568131253123
0.001112824073061347
0.0024151140823960304
0.0010380627354606986
0.0014272622065618634
0.0013094930909574032
0.0017049419693648815
0.0016915714368224144
0.0013137266505509615
0.0024576245341449976
0.004523260984569788
0.0075276619754731655
0.005221172235906124
0.0032663652673363686
0.0019591411110013723
0.0012793655041605234
0.0015950161032378674
0.000673093250952661
0.00034059330937452614
0.0012310984311625361
0.0019869194366037846
0.002428320236504078
0.0014776672469452024
0.00045865701395086944
0.20038102567195892
0.27143585681915283
0.1115628108382225
0.05432377755641937
0.015110771171748638
0.03341008722782135
0.011082805693149567
0.008016456849873066
0.013502944260835648
0.08965875953435898
0.003983857110142708
0.02344905026257038
0.0
0.00996526051312685
