0.050648283213377
0.0055267405696213245
0.0
0.0
0.06858695298433304
0.07889967411756516
0.02324157953262329
0.011101356707513332
0.00565280532464385
0.002516572829335928
0.0009475686820223927
0.0013884793734177947
0.0
0.0
0.0
0.0
0.0
0.0
0.0006572109996341169
0.0
0.0
0.0
0.0
0.0
0.0
0.0
0.0
0.0
0.0
0.0
0.0
0.001285539590753615
0.0
0.0
0.0
0.0015509924851357937
0.33762896060943604
0.37544798851013184
0.02987411990761757
0.0027065963950008154
0.001360061694867909
0.0009785726433619857
0.0
0.0
0.0
0.0
0.0
0.0
0.0
0.0
