0.006702932994812727
0.0
0.0
0.0
0.09127823263406754
0.07338547706604004
0.02406996861100197
0.011564563028514385
0.005896289832890034
0.004464928060770035
0.0014549634652212262
0.0014767673565074801
0.0013236220693215728
0.0008422613609582186
0.0006669241702184081
0.0007105529075488448
0.000698406423907727
0.0006257169297896326
0.0015886904438957572
0.0007898374460637569
0.0
0.0
0.0
0.0
0.0
0.0
0.0
0.0
0.0
0.0
0.0007240817067213356
0.0
0.0
0.0
0.0
0.0
0.4630966782569885
0.21735627949237823
0.08102615922689438
0.005010525695979595
0.0032837640028446913
0.0
0.0
0.0019623637199401855
0.0
0.0
0.0
0.0
0.0
0.0
