0.020100684836506844
0.005610330495983362
0.0
0.0
0.053682830184698105
0.0630965530872345
0.016799818724393845
0.007464163471013308
0.0040123374201357365
0.002101518213748932
0.0015151784755289555
0.0013281031278893352
0.0008148971246555448
0.0004532094462774694
0.0006336489459499717
0.0
0.0
0.0
0.0
0.0005369535647332668
0.0008150517242029309
0.00031682252301834524
0.0
0.0
0.0
0.0
0.0
0.0
0.0
0.0
0.0
0.0
0.0
0.0
0.0
0.0005083152209408581
0.3722568154335022
0.39116549491882324
0.043057881295681
0.008307737298309803
0.003229797352105379
0.0016203329432755709
0.0
0.0005715597071684897
0.0
0.0
0.0
0.0
0.0
0.0
