0.04565131664276123
0.07176123559474945
0.008336043916642666
0.004910867195576429
0.022095054388046265
0.07112015038728714
0.03159278631210327
0.01742568612098694
0.011312478221952915
0.00812670961022377
0.008643261156976223
0.0061265043914318085
0.0055237929336726665
0.005225697532296181
0.00420575775206089
0.004351469688117504
0.002424111356958747
0.002185695804655552
0.0012650274438783526
0.0019670804031193256
0.0013047894462943077
0.0012385507579892874
0.0025763914454728365
0.0027089430950582027
0.0015034597599878907
0.0011193490354344249
0.0008411582093685865
0.00031791196670383215
0.0008808795246295631
0.00059609638992697
0.0004437631869222969
0.0005364741664379835
0.000880880921613425
0.0
0.00039738655323162675
0.0009206311078742146
0.11295413970947266
0.27464571595191956
0.10863478481769562
0.0666799396276474
0.007007751613855362
0.01519458182156086
0.004922835621982813
0.00047961706877686083
0.011048046872019768
0.03285365179181099
0.0
0.015061534009873867
0.0
0.0
