0.025020213797688484
0.012495209462940693
0.01364709623157978
0.008847774937748909
0.03272763639688492
0.056934796273708344
0.0304470956325531
0.01277937926352024
0.008874299935996532
0.004646357614547014
0.003120293840765953
0.002902193693444133
0.0030922205187380314
0.006407447159290314
0.006794460583478212
0.004272892605513334
0.003429568139836192
0.0038323872722685337
0.0026727942749857903
0.0015994934365153313
0.002150722546502948
0.0022535366006195545
0.001323878183029592
0.0011839971411973238
0.0012292265892028809
0.0014719337923452258
0.001381083158776164
0.0015134476125240326
0.004713827278465033
0.0034835697151720524
0.0012539218878373504
0.0007112549501471221
0.00034924910869449377
0.0003698187065310776
0.0002628822694532573
0.0006080582970753312
0.2298765331506729
0.283245712518692
0.13302840292453766
0.04714252054691315
0.0032357226591557264
0.011856941506266594
0.005576906725764275
0.00305179413408041
0.0031585022807121277
0.0110229616984725
0.0
0.0
0.0
0.0
