0.08830452710390091
0.07113085687160492
0.010182153433561325
0.005463934037834406
0.03871665149927139
0.06160592660307884
0.044807806611061096
0.02403871715068817
0.011805275455117226
0.006828045938163996
0.00426851399242878
0.0036822976544499397
0.006508663296699524
0.007605701684951782
0.0031281672418117523
0.002169535029679537
0.0019372961251065135
0.0009595916490070522
0.0034053900744765997
0.0
0.0011502094566822052
0.0
0.0
0.0010462775826454163
0.0009320872486568987
0.0016162153333425522
0.0032057163771241903
0.008312440477311611
0.0027225285302847624
0.0008823855896480381
0.0012711301678791642
0.0006492740358226001
0.0
0.0
0.0004411816771607846
0.0006461573648266494
0.20509807765483856
0.18872299790382385
0.08207730948925018
0.05985645204782486
0.002456162590533495
0.008092492818832397
0.0023394101299345493
0.0
0.01261476892977953
0.01931758224964142
0.0
0.0
0.0
0.0
