0.014785144478082657
0.0
0.0037644247058779
0.0044562253169715405
0.024307696148753166
0.014909609220921993
0.0055488948710262775
0.0035543739795684814
0.0016005536308512092
0.0018338935915380716
0.0010043906513601542
0.0011330842971801758
0.00249509047716856
0.0
0.0
0.0
0.0
0.0
0.0
0.0005283104837872088
0.0
0.0
0.0
0.0
0.0
0.0
0.001322310883551836
0.000528624455910176
0.0
0.0
0.0
0.0
0.0
0.0004709034983534366
0.000697036855854094
0.0
0.5275248885154724
0.3273454010486603
0.03726113215088844
0.012465320527553558
0.0032800890039652586
0.0009232552256435156
0.0
0.0
0.0
0.0
0.0
0.005055451765656471
0.0
0.003203892381861806
