0.10342549532651901
0.028832299634814262
0.0
0.0
0.07747942954301834
0.10634396225214005
0.04447415471076965
0.02482732944190502
0.01213311031460762
0.006696782074868679
0.004565831273794174
0.003053557127714157
0.0021509528160095215
0.0013947229599580169
0.0007379077142104506
0.001392057165503502
0.0
0.0
0.00052644097013399
0.0
0.0
0.0
0.0
0.0
0.0
0.0
0.000613887794315815
0.0
0.0
0.0
0.0
0.0
0.000609066744800657
0.0
0.0
0.0
0.272757887840271
0.2679586708545685
0.03762331232428551
0.0
0.0010863394709303975
0.0
0.001316835405305028
0.0
0.0
0.0
0.0
0.0
0.0
0.0
