0.10839524120092392
0.032564856112003326
0.0
0.0
0.07660980522632599
0.0986761748790741
0.04223159700632095
0.02311553992331028
0.010862544178962708
0.0057429163716733456
0.0032705070916563272
0.0017814947059378028
0.0018345582066103816
0.0005821199156343937
0.0009256764897145331
0.0
0.0010620845714583993
0.0
0.0
0.0
0.0
0.0
0.0
0.0
0.0
0.0007200550171546638
0.0016881369519978762
0.000531436235178262
0.0005525813321582973
0.0006145525840111077
0.0
0.0010184437269344926
0.0
0.0
0.0
0.0005393392639234662
0.2811574637889862
0.21137724816799164
0.028247762471437454
0.012080052867531776
0.0015582558698952198
0.001360418857075274
0.0
0.0
0.022639716044068336
0.02825940027832985
0.0
0.0
0.0
0.0
