0.1611625999212265
0.0090600261464715
0.0
0.0
0.08096981048583984
0.08357688039541245
0.039900943636894226
0.0249320138245821
0.014756502583622932
0.008296831510961056
0.0053456551395356655
0.003019530326128006
0.0019716036040335894
0.002445586258545518
0.0007036519818939269
0.0008912847843021154
0.0
0.001669149030931294
0.0005575440591201186
0.0
0.0
0.0
0.0
0.0
0.0
0.0
0.0
0.0
0.0005168847274035215
0.0
0.0
0.0
0.0
0.0
0.0
0.0
0.24046684801578522
0.2486487478017807
0.04937319830060005
0.008155224844813347
0.0023313877172768116
0.0
0.0
0.0
0.011248176917433739
0.0
0.0
0.0
0.0
0.0
