0.02994551695883274
0.06594674289226532
0.03664229065179825
0.009796950034797192
0.014288526959717274
0.0249955914914608
0.016895007342100143
0.012943233363330364
0.012681432999670506
0.01764296554028988
0.015042683109641075
0.013015003874897957
0.01085664238780737
0.0190154779702425
0.013213817030191422
0.010100821033120155
0.006443150341510773
0.003854044247418642
0.003975012805312872
0.002924727974459529
0.0036326481495052576
0.002819455461576581
0.002130288165062666
0.0024757543578743935
0.0026547862216830254
0.0044397213496267796
0.002421328565105796
0.0014206969644874334
0.002111445413902402
0.0009602123755030334
0.0007468737894669175
0.001370722078718245
0.002415439346805215
0.0030757838394492865
0.0005987955373711884
0.0002823638787958771
0.10809076577425003
0.29283174872398376
0.11802201718091965
0.08207450062036514
0.0005173657555133104
0.004202660173177719
0.0022019261959940195
0.003090435406193137
0.0
0.007972482591867447
0.0
0.007220106199383736
0.0
0.0
