0.015536773018538952
0.0
0.007322514895349741
0.005268977489322424
0.061760254204273224
0.045233067125082016
0.017535263672471046
0.008322244510054588
0.0033054219093173742
0.002918661804869771
0.0011721437331289053
0.0011604143073782325
0.0009142801281996071
0.0008673943812027574
0.0
0.0
0.0
0.0
0.0
0.0
0.0
0.0
0.0
0.0
0.0013245225418359041
0.0
0.0012893739622086287
0.0
0.0
0.0
0.0015355083160102367
0.0
0.0
0.0
0.0
0.0
0.49221909046173096
0.291340708732605
0.027865195646882057
0.005293712019920349
0.0055970074608922005
0.002217454370111227
0.0
0.0
0.0
0.0
0.0
0.0
0.0
0.0
