0.07033958286046982
0.06346443295478821
0.005891577806323767
0.0
0.06887415796518326
0.07725105434656143
0.03528847545385361
0.02062905952334404
0.010811763815581799
0.006950312294065952
0.0049018519930541515
0.0034018901642411947
0.001874491572380066
0.0012371819466352463
0.0005703913047909737
0.0004057956684846431
0.0002862000255845487
0.0003261085948906839
0.0002755959576461464
0.0
0.0
0.00039966986514627934
0.0
0.0
0.0
0.0
0.0
0.0
0.0
0.0
0.0
0.0
0.0003135847218800336
0.0
0.0016799602890387177
0.0
0.17038270831108093
0.3922756612300873
0.043854113668203354
0.008879605680704117
0.0030578209552913904
0.006376970559358597
0.0
0.0
0.0
0.0
0.0
0.0
0.0
0.0
