0.058374661952257156
0.05073395371437073
0.027015114203095436
0.013792486861348152
0.03677323833107948
0.05296695977449417
0.039019178599119186
0.030693979933857918
0.01585114747285843
0.010771520435810089
0.009085732512176037
0.005667957477271557
0.004918347578495741
0.003881431883201003
0.005601457320153713
0.006964601576328278
0.0029192345682531595
0.003500099992379546
0.004905585665255785
0.0030941402073949575
0.0025385061744600534
0.0022547459229826927
0.002272220328450203
0.0010905017843469977
0.001271474757231772
0.0014333296567201614
0.0005131427897140384
0.0
0.000366683816537261
0.0
0.0003305253048893064
0.0003609639243222773
0.0014966082526370883
0.0010533040622249246
0.0005700744222849607
0.0005473145865835249
0.06185044348239899
0.2023860514163971
0.10949413478374481
0.05215686187148094
0.0010547179263085127
0.0014089704491198063
0.0013005343498662114
0.005197142716497183
0.06517343968153
0.07892411202192307
0.0
0.015338265337049961
0.0
0.00308511545881629
