0.08660601079463959
0.011508636176586151
0.0
0.0
0.092969611287117
0.08159063011407852
0.03355232998728752
0.015340840443968773
0.007758377119898796
0.003905746154487133
0.0034223273396492004
0.0021656197495758533
0.0015164136420935392
0.0
0.0
0.0
0.0
0.0
0.0
0.0008398015052080154
0.0
0.0
0.0
0.0
0.0
0.0
0.0
0.0
0.0
0.0
0.0006616181926801801
0.0
0.0010069174459204078
0.0
0.0
0.0
0.3153766095638275
0.2723039984703064
0.05113279074430466
0.003524534637108445
0.0036232881247997284
0.0013665775768458843
0.0
0.0
0.0
0.00982726737856865
0.0
0.0
0.0
0.0
