0.012988944537937641
0.06256992369890213
0.012110660783946514
0.010587340220808983
0.007305127568542957
0.015925053507089615
0.011477959342300892
0.01098049245774746
0.008851936087012291
0.004460420459508896
0.0034218470100313425
0.002119561191648245
0.002692414680495858
0.002267486648634076
0.0013194760540500283
0.0011154372477903962
0.0005767446127720177
0.0
0.0002851379686035216
0.0007103896350599825
0.0017546112649142742
0.011169640347361565
0.0002796748303808272
0.00040995440213009715
0.0008440791280008852
0.002651013433933258
0.001719999243505299
0.0017818041378632188
0.00195871340110898
0.0018868871266022325
0.0017813167069107294
0.0018565524369478226
0.001191614312119782
0.001061667688190937
0.0009018899290822446
0.001086162868887186
0.16485314071178436
0.2560819983482361
0.09171636402606964
0.046048786491155624
0.0008231064421124756
0.005914378445595503
0.007536453194916248
0.013422153890132904
0.03487503156065941
0.1544405072927475
0.003043972887098789
0.01714218780398369
0.0
0.0
