0.033303651958703995
0.02261144481599331
0.006722311954945326
0.012823152355849743
0.04630756378173828
0.05268469825387001
0.020783793181180954
0.008453761227428913
0.004683984909206629
0.0033679360058158636
0.003265892155468464
0.003594239242374897
0.003996704705059528
0.007232625503093004
0.01246944535523653
0.004179917275905609
0.005503445398062468
0.003766396315768361
0.003992286045104265
0.0015807527815923095
0.0021353475749492645
0.0028524145018309355
0.0014858145732432604
0.0007471336284652352
0.0005405184347182512
0.0
0.0013211866607889533
0.0
0.0
0.001989478711038828
0.0015256827464327216
0.0
0.0
0.0007210787734948099
0.002264106646180153
0.0008952057687565684
0.24493440985679626
0.20482148230075836
0.06749124825000763
0.07428020983934402
0.0022988428827375174
0.004351834766566753
0.001301871263422072
0.0014194122049957514
0.0
0.0
0.004133649170398712
0.0
0.10713174194097519
0.010033287107944489
