0.013306749984622002
0.014235078357160091
0.00876056682318449
0.0
0.043419286608695984
0.10512998700141907
0.028580550104379654
0.008591404184699059
0.0031274068169295788
0.002409230452030897
0.0015287306159734726
0.0006711756577715278
0.0006318793748505414
0.0008673057891428471
0.0052361940033733845
0.004383706487715244
0.00529740285128355
0.01418405119329691
0.008493614383041859
0.008140824735164642
0.005651515442878008
0.006200850009918213
0.0038492842577397823
0.0047210282646119595
0.008058895356953144
0.005208488088101149
0.001799918944016099
0.0013662980636581779
0.0005164710455574095
0.0
0.0
0.0
0.0
0.0
0.0
0.0
0.10640012472867966
0.2068120539188385
0.19077131152153015
0.09210047870874405
0.004148541018366814
0.012760801240801811
0.004209172446280718
0.0
0.0
0.0632682740688324
0.002177897607907653
0.002983515150845051
0.0
0.0
