8262723
8387256
119145
8338719
8257614
8326000
188
62696
8289489
8337064
5049
97
8384746
8364654
23743
14683
8377625
8358108
8365372
27941
8289123
8378126
110512
8345839
8272169
8289805
8386438
88075
8361716
8290011
47535
969
8379631
65764
52141
133712
6252
8283980
66310
121689
150798
8479
8246448
111213
141780
124285
6709
8283546
80308
122959
118191
8881
8288297
89926
119914
137600
1224
8247361
117948
140900
131265
8387043
8259471
138023
135633
142029
8379533
8255582
153103
146428
155039
1170
8251802
145856
152800
149034
6076
8242924
146696
158377
81386
8385014
8300105
86244
89327
120305
925
8292570
116938
117933
101949
8379711
8294895
88036
114846
125601
8380291
8277594
102748
110090
75703
356
8317682
73802
84927
63924
2917
8328025
51165
70573
95803
9068
8286198
63312
103929
133011
8382168
8266275
100739
128605
45149
8377768
8360581
8383474
41422
92767
8382985
8302334
65159
86204
130639
8382215
8253649
118012
145420
119275
8379192
8267042
102855
124451
66869
8382352
8341071
23046
60800
36871
588
8363048
8387402
36876
64154
8384958
8331331
26405
59606
111099
8384944
8292775
71244
115599
101844
1295
8296009
56168
108946
111463
8383112
8272125
75993
111922
98448
5625
8289235
55540
96680
103840
8386019
8297768
65563
98797
8340569
1962
58841
3695
8345693
8351366
8379742
57989
8373161
8352951
53068
8384066
8345879
19755
53265
88126
4965
8311553
97734
98933
89878
8384198
8304705
62357
88733
178048
8679
8235963
147898
164933
174302
8377656
8228594
155260
173378
145221
3202
8251820
105622
151406
132686
8380061
8254550
149741
135438
112182
8387964
8286008
140427
116859
71609
282
8321504
84263
79785
85556
8377316
8311699
82545
71339
48955
7429
8336351
25798
45062
120568
8380021
8277134
99508
111070
45409
8387858
9312
7314
45355
8227641
5043
133728
8202593
8230473
2127
