0.014676094986498356
0.020818796008825302
0.0
0.0
0.05126708745956421
0.036048974841833115
0.01471863966435194
0.011276490986347198
0.008298252709209919
0.009806502610445023
0.020172923803329468
0.015463224612176418
0.008046891540288925
0.012766806408762932
0.013965200632810593
0.006645251996815205
0.002496457425877452
0.0008226294885389507
0.0007356340647675097
0.0006389647605828941
0.0011127102188766003
0.0
0.0
0.0
0.0
0.0
0.0014137064572423697
0.0
0.0008615479455329478
0.0008228847291320562
0.0014519680989906192
0.0030669772531837225
0.0074080522172153
0.005145765375345945
0.0014417001511901617
0.0011128573678433895
0.137070432305336
0.28621578216552734
0.1986323446035385
0.02432462014257908
0.0014142427826300263
0.0011234818957746029
0.0025756224058568478
0.0012872705701738596
0.012197640724480152
0.020787134766578674
0.006788923405110836
0.035079605877399445
0.0
0.0
