0.019047359004616737
0.0
0.0
0.0
0.09951256960630417
0.08489471673965454
0.02813711389899254
0.011738425120711327
0.0058744302950799465
0.003747367998585105
0.0014448660658672452
0.0
0.0013689107727259398
0.0009546082583256066
0.0016436763107776642
0.0
0.0
0.0
0.0
0.0
0.0
0.0
0.0
0.0
0.0
0.0
0.0
0.0
0.001015399000607431
0.0
0.0
0.0012450573267415166
0.0
0.0
0.0
0.0
0.48735034465789795
0.22865822911262512
0.01947595551609993
0.0
0.002952329348772764
0.0009386316523887217
0.0
0.0
0.0
0.0
0.0
0.0
0.0
0.0
