0.00706318998709321
0.009259599260985851
0.043211426585912704
0.0
0.017361732199788094
0.0158669576048851
0.021042350679636
0.021139414981007576
0.013658921234309673
0.01435099821537733
0.032798733562231064
0.041887782514095306
0.013712269254028797
0.006438105832785368
0.0035816854797303677
0.0028431760147213936
0.0014482231345027685
0.0006805509328842163
0.0
0.0005021315882913768
0.00181208539288491
0.0012866295874118805
0.0038928387220948935
0.008494146168231964
0.020652208477258682
0.019655194133520126
0.016748880967497826
0.0153190353885293
0.010375269688665867
0.0048657669685781
0.0029451162554323673
0.0026447665877640247
0.002933778567239642
0.0020003337413072586
0.0005571115761995316
0.0
0.06630264222621918
0.1761668175458908
0.11612991243600845
0.10927924513816833
0.00752798980101943
0.010337593965232372
0.006611715070903301
0.002255417872220278
0.0038237893022596836
0.11713048815727234
0.0
0.0034039665479213
0.0
0.0
