0.062041398137807846
0.0
0.0
0.0
0.1550377607345581
0.12445499002933502
0.05760353058576584
0.02526845782995224
0.014160975813865662
0.0066792345605790615
0.003177571576088667
0.0028079538606107235
0.0
0.0011344491504132748
0.0009677488123998046
0.0
0.0
0.0
0.0
0.0
0.0
0.0
0.0
0.0
0.0
0.0
0.0
0.0
0.0
0.0
0.0
0.0
0.0
0.0
0.0009522415930405259
0.0
0.31454065442085266
0.20470063388347626
0.015305268578231335
0.007573187351226807
0.0024413233622908592
0.0011525885201990604
0.0
0.0
0.0
0.0
0.0
0.0
0.0
0.0
