0.018065940588712692
0.02040059305727482
0.008650196716189384
0.003100360045209527
0.030748914927244186
0.04201461374759674
0.024792177602648735
0.018644945695996284
0.010579850524663925
0.007544365245848894
0.002933918498456478
0.002082949271425605
0.0038483955431729555
0.005359784234315157
0.003340339520946145
0.0009779621614143252
0.0024385671131312847
0.002489386359229684
0.0015749129233881831
0.0025782810989767313
0.0030482071451842785
0.001549511100165546
0.0011811964213848114
0.0029974032659083605
0.006020232103765011
0.005753489211201668
0.005207373760640621
0.010706855915486813
0.009970199316740036
0.005499478429555893
0.004712057765573263
0.0027179911267012358
0.0028450116515159607
0.005817017517983913
0.007252232637256384
0.0027815033681690693
0.0833565965294838
0.24283526837825775
0.1335899978876114
0.0652766153216362
0.0087848249822855
0.022584062069654465
0.0050015756860375404
0.0018082656897604465
0.048860933631658554
0.04742927476763725
0.008211222477257252
0.04203517735004425
0.0
0.0
