0.017045114189386368
0.015215585939586163
0.0
0.0
0.1114097461104393
0.10279726982116699
0.042172059416770935
0.018790895119309425
0.0101784011349082
0.005772376898676157
0.0028401378076523542
0.0024870196357369423
0.0021032255608588457
0.0
0.0
0.0
0.0
0.0
0.0
0.0
0.0
0.0
0.0
0.0
0.0
0.0
0.0
0.0
0.000859714113175869
0.0
0.0
0.0
0.0
0.0
0.0
0.0
0.3417457640171051
0.29132455587387085
0.025530749931931496
0.00457266578450799
0.003355809021741152
0.0017988351173698902
0.0
0.0
0.0
0.0
0.0
0.0
0.0
0.0
