0.004948036279529333
0.002993000205606222
0.006046281661838293
0.0023681700695306063
0.031055834144353867
0.022352566942572594
0.014223440550267696
0.009569606743752956
0.0064469072967767715
0.0013699617702513933
0.0065979850478470325
0.011674915440380573
0.008904724381864071
0.006446871906518936
0.009851637296378613
0.005862630438059568
0.002880969550460577
0.0007655600784346461
0.0029816406313329935
0.0007555142510682344
0.0021758286748081446
0.0015009072376415133
0.0007958004134707153
0.001027471385896206
0.0023571536876261234
0.004432242829352617
0.005228002555668354
0.005731671582907438
0.0019239905523136258
0.0008360796491615474
0.0
0.0
0.0005741552449762821
0.0
0.0
0.0009871784131973982
0.2755905091762543
0.2850741147994995
0.06646610796451569
0.07143492996692657
0.002406985964626074
0.0017597292317077518
0.0009203171357512474
0.0018102951580658555
0.023736700415611267
0.021240826696157455
0.003503107000142336
0.06038971617817879
0.0
0.0
