0.012325241230428219
0.017448369413614273
0.00899846013635397
0.003558926284313202
0.051598794758319855
0.03975749388337135
0.025549964979290962
0.007325016427785158
0.00803443230688572
0.005773737095296383
0.004736785311251879
0.0050600147806108
0.00677642272785306
0.011535698547959328
0.014481191523373127
0.008699626661837101
0.0066579794511199
0.0044533247128129005
0.0014962892746552825
0.0014800741337239742
0.0007009331602603197
0.0
0.0
0.0005924474098719656
0.0
0.0005535889649763703
0.0
0.0
0.0007015238516032696
0.000956646865233779
0.0015360419638454914
0.0039022353012114763
0.011008916422724724
0.0039904313161969185
0.001902201445773244
0.0018681329675018787
0.050944626331329346
0.1376732587814331
0.12051187455654144
0.033251870423555374
0.0009641794022172689
0.0027447252068668604
0.0023052410688251257
0.003417243482545018
0.1265793740749359
0.1621922105550766
0.016352901235222816
0.06744864583015442
0.0
0.00215286947786808
