0.018506918102502823
0.0
0.006159200798720121
0.0
0.07701775431632996
0.055660199373960495
0.021955415606498718
0.008446112275123596
0.005377038381993771
0.003141547553241253
0.0027743123937398195
0.0
0.0
0.0
0.0009201645734719932
0.0022070901468396187
0.0015426703030243516
0.0
0.0
0.0
0.0
0.004599883686751127
0.0024358760565519333
0.008290695026516914
0.0015565191861242056
0.0
0.002024550223723054
0.0
0.0
0.0008217747672460973
0.0
0.0
0.0
0.0
0.0
0.0009621974313631654
0.33915022015571594
0.35428386926651
0.02333846129477024
0.03996529430150986
0.0
0.0
0.0
0.0008258073357865214
0.0
0.01803640089929104
0.0
0.0
0.0
0.0
