0.003290474181994796
0.0018721075030043721
0.0023050582967698574
0.0
0.0327543281018734
0.04599449411034584
0.026271259412169456
0.014543208293616772
0.016375897452235222
0.005498330108821392
0.004734791815280914
0.004628390539437532
0.006561960559338331
0.0019570777658373117
0.0017400393262505531
0.0
0.0004951394512318075
0.0
0.0
0.0
0.0
0.0004316364065743983
0.0012266888516023755
0.0
0.0
0.0
0.0006729786400683224
0.0
0.0014984591398388147
0.0023631909862160683
0.0022419746965169907
0.0033490979112684727
0.004341234918683767
0.0019242700655013323
0.00041847373358905315
0.0
0.07804341614246368
0.24338208138942719
0.09443221241235733
0.01379703450948
0.0011416720226407051
0.00210596458055079
0.0022569342982023954
0.002255656523630023
0.009811623021960258
0.06586116552352905
0.14810968935489655
0.11437130719423294
0.0
0.03694063052535057
