0.023732410743832588
0.015683339908719063
0.013640929013490677
0.016338588669896126
0.04043791443109512
0.03573859483003616
0.026112081483006477
0.037127796560525894
0.013631247915327549
0.010983157902956009
0.016008025035262108
0.02103293500840664
0.008454405702650547
0.00618613651022315
0.005730333272367716
0.005719517357647419
0.009637385606765747
0.017028212547302246
0.017907265573740005
0.00910558644682169
0.003863633843138814
0.004460484255105257
0.0032124395947903395
0.004699307028204203
0.010711867362260818
0.010559913702309132
0.007933473214507103
0.005350481253117323
0.003950482700020075
0.004482274875044823
0.0028217551298439503
0.001736470963805914
0.0008899381500668824
0.0
0.0012263654498383403
0.0011287082452327013
0.13482612371444702
0.14747628569602966
0.07022062689065933
0.11675775051116943
0.004208424594253302
0.005565642844885588
0.0
0.0009784579742699862
0.0058419727720320225
0.06515121459960938
0.0
0.03171013295650482
0.0
0.0
