0.023057391867041588
0.0
0.0
0.0
0.11173117160797119
0.07237933576107025
0.029232388362288475
0.015647266060113907
0.006290088873356581
0.003327008569613099
0.001628781552426517
0.0010050124255940318
0.00161152018699795
0.0
0.0
0.0
0.0
0.001576837501488626
0.0010569833684712648
0.0
0.0
0.0
0.0
0.0
0.001178306178189814
0.0
0.0
0.0
0.0
0.0
0.0
0.0
0.0020447075366973877
0.0
0.0
0.0
0.4149068295955658
0.28289493918418884
0.01966620609164238
0.0057201385498046875
0.0029343976639211178
0.0021107071079313755
0.0
0.0
0.0
0.0
0.0
0.0
0.0
0.0
