0.012973329983651638
0.004800405818969011
0.012591268867254257
0.0
0.09408935159444809
0.13859251141548157
0.03369061276316643
0.01422029547393322
0.008909313008189201
0.003454091725870967
0.0
0.0025732361245900393
0.0
0.002222729381173849
0.0
0.0013798332074657083
0.0
0.0
0.0018633740255609155
0.0
0.0
0.0
0.0
0.0
0.0019771514926105738
0.0010506571270525455
0.0
0.0016933138249441981
0.0011639604344964027
0.0
0.0
0.0
0.0
0.0
0.0
0.0
0.314535528421402
0.2844168245792389
0.026290176436305046
0.005727118346840143
0.0032130908221006393
0.0
0.0
0.0
0.0
0.02034359611570835
0.0
0.008228098973631859
0.0
0.0
