0.025029169395565987
0.026013605296611786
0.01049741543829441
0.0026002980303019285
0.0502510592341423
0.05641121417284012
0.04544443264603615
0.02416100725531578
0.018150100484490395
0.0171375535428524
0.00838761031627655
0.011904633603990078
0.009197595529258251
0.013503325171768665
0.02595151774585247
0.015315121971070766
0.004241771064698696
0.001321548828855157
0.0010337908752262592
0.0
0.0
0.0
0.0
0.0
0.0006714412593282759
0.000841958390083164
0.0
0.0029095644131302834
0.002291399519890547
0.001492078066803515
0.001833130605518818
0.0029522075783461332
0.001651943544857204
0.0
0.0012469571083784103
0.003549025859683752
0.15577104687690735
0.29947414994239807
0.06966923177242279
0.02062683179974556
0.0028985769022256136
0.0034543124493211508
0.0031056185252964497
0.0015364671126008034
0.00501416577026248
0.038454972207546234
0.0
0.014002116397023201
0.0
0.0
