0.012312282808125019
0.01826770417392254
0.0
0.004332940559834242
0.0599263496696949
0.04748078063130379
0.016362300142645836
0.012932723388075829
0.01577005907893181
0.011206049472093582
0.006555493455380201
0.004336866084486246
0.011353821493685246
0.010231669060885906
0.009721989743411541
0.01036711223423481
0.021420491859316826
0.023143894970417023
0.008881287649273872
0.0026911641471087933
0.0010023994836956263
0.0014281937619671226
0.001491910545155406
0.0019195188069716096
0.007695161737501621
0.006079387851059437
0.0007142978720366955
0.0
0.0
0.0007454740698449314
0.0029129188042134047
0.0025443490594625473
0.005198121536523104
0.005505286622792482
0.009160705842077732
0.014562360942363739
0.09047236293554306
0.25487837195396423
0.09300284832715988
0.032971739768981934
0.019274843856692314
0.020419232547283173
0.0012378777610138059
0.001070320256985724
0.02172795869410038
0.050084520131349564
0.013068265281617641
0.0335366316139698
0.0
0.0
