0.0165557824075222
0.011482038535177708
0.0
0.0
0.14351271092891693
0.10882434248924255
0.03226381167769432
0.014992701821029186
0.00955436285585165
0.005470137111842632
0.005636705085635185
0.001213661627843976
0.0030517943669110537
0.0
0.0018613972933962941
0.0010445932857692242
0.0
0.0011731074191629887
0.0
0.0
0.0
0.0
0.0
0.0
0.0
0.0
0.0
0.0
0.0
0.0
0.0
0.0
0.0
0.0
0.0
0.0
0.3240854740142822
0.25067993998527527
0.039883289486169815
0.008671651594340801
0.002114272443577647
0.0027497434057295322
0.0
0.0010975149925798178
0.0
0.014081000350415707
0.0
0.0
0.0
0.0
