0.012602167204022408
0.023934541270136833
0.020599132403731346
0.011850233189761639
0.017860759049654007
0.024229271337389946
0.016715267673134804
0.013483193702995777
0.025139423087239265
0.017594534903764725
0.012009590864181519
0.013014710508286953
0.009529581293463707
0.009553073905408382
0.009614299982786179
0.010163143277168274
0.004361332394182682
0.00442567327991128
0.0036798128858208656
0.004781514406204224
0.004693937487900257
0.003085535950958729
0.005287937819957733
0.012207048945128918
0.009101183153688908
0.011493236757814884
0.005725925322622061
0.0029036954510957003
0.004402559250593185
0.0021985818166285753
0.0
0.0
0.0
0.0
0.0
0.0
0.08104344457387924
0.10809379816055298
0.11395711451768875
0.1665872186422348
0.002869528252631426
0.006526094861328602
0.00665483670309186
0.004484225995838642
0.06851871311664581
0.08379218727350235
0.007860234007239342
0.023371713235974312
0.0
0.0
